     0	3.57E-03	2.98E-04			
	0.1	2.70E-04	2.13E-04			
	0.2	2.76E-04	2.18E-04			
	0.3	2.82E-04	2.24E-04			
	0.4	2.88E-04	2.29E-04			
	0.5	2.95E-04	2.35E-04			
	0.6	3.01E-04	2.41E-04			
	0.7	3.07E-04	2.46E-04			
	0.8	3.13E-04	2.52E-04			
	0.9	3.20E-04	2.58E-04			
	1	3.26E-04	2.64E-04			
	1.1	3.33E-04	2.70E-04			
	1.2	3.39E-04	2.76E-04			
	1.3	3.46E-04	2.82E-04			
	1.4	3.53E-04	2.88E-04			
	1.5	3.59E-04	2.94E-04
	1.6	3.66E-04	3.01E-04
	1.7	3.73E-04	3.07E-04
	1.8	3.80E-04	3.13E-04
	1.9	3.87E-04	3.20E-04
	2	3.94E-04	3.26E-04
	2.1	4.01E-04	3.33E-04
	2.2	4.08E-04	3.40E-04
	2.3	4.15E-04	3.46E-04
	2.4	4.22E-04	3.53E-04
	2.5	4.29E-04	3.60E-04
	2.6	4.36E-04	3.67E-04
	2.7	4.43E-04	3.73E-04
	2.8	4.50E-04	3.80E-04
	2.9	4.58E-04	3.87E-04
	3	4.65E-04	3.94E-04
	3.1	4.72E-04	4.01E-04
	3.2	4.80E-04	4.08E-04
	3.3	4.87E-04	4.16E-04
	3.4	4.95E-04	4.23E-04
	3.5	5.02E-04	4.30E-04
	3.6	5.09E-04	4.37E-04
	3.7	5.17E-04	4.45E-04
	3.8	5.24E-04	4.52E-04
	3.9	5.32E-04	4.59E-04
	4	5.40E-04	4.67E-04
	4.1	5.47E-04	4.74E-04
	4.2	5.55E-04	4.81E-04
	4.3	5.62E-04	4.89E-04
	4.4	5.70E-04	4.96E-04
	4.5	5.78E-04	5.04E-04
	4.6	5.85E-04	5.11E-04
	4.7	5.93E-04	5.19E-04
	4.8	6.00E-04	5.27E-04
	4.9	6.08E-04	5.34E-04
	5	6.16E-04	5.42E-04
	5.1	6.24E-04	5.49E-04
	5.2	6.31E-04	5.57E-04
	5.3	6.39E-04	5.65E-04
	5.4	6.47E-04	5.72E-04
	5.5	6.54E-04	5.80E-04
	5.6	6.62E-04	5.88E-04
	5.7	6.70E-04	5.96E-04
	5.8	6.77E-04	6.03E-04
	5.9	6.85E-04	6.11E-04
	6	6.93E-04	6.19E-04
	6.1	7.00E-04	6.26E-04
	6.2	7.08E-04	6.34E-04
	6.3	7.16E-04	6.42E-04
	6.4	7.23E-04	6.50E-04
	6.5	7.31E-04	6.57E-04
	6.6	7.39E-04	6.65E-04
	6.7	7.46E-04	6.73E-04
	6.8	7.54E-04	6.81E-04
	6.9	7.62E-04	6.88E-04
	7	7.69E-04	6.96E-04
	7.1	7.77E-04	7.04E-04
	7.2	7.84E-04	7.12E-04
	7.3	7.92E-04	7.19E-04
	7.4	8.00E-04	7.27E-04
	7.5	8.07E-04	7.35E-04
	7.6	8.15E-04	7.42E-04
	7.7	8.22E-04	7.50E-04
	7.8	8.30E-04	7.58E-04
	7.9	8.37E-04	7.65E-04
	8	8.45E-04	7.73E-04
	8.1	8.52E-04	7.81E-04
	8.2	8.59E-04	7.88E-04
	8.3	8.67E-04	7.96E-04
	8.4	8.74E-04	8.04E-04
	8.5	8.82E-04	8.11E-04
	8.6	8.89E-04	8.19E-04
	8.7	8.96E-04	8.26E-04
	8.8	9.04E-04	8.34E-04
	8.9	9.11E-04	8.41E-04
	9	9.18E-04	8.49E-04
	9.1	9.25E-04	8.56E-04
	9.2	9.33E-04	8.64E-04
	9.3	9.40E-04	8.71E-04
	9.4	9.47E-04	8.79E-04
	9.5	9.54E-04	8.86E-04
	9.6	9.61E-04	8.93E-04
	9.7	9.68E-04	9.01E-04
	9.8	9.75E-04	9.08E-04
	9.9	9.82E-04	9.15E-04
	10	9.89E-04	9.22E-04
	10.1	9.96E-04	9.30E-04
	10.2	1.00E-03	9.37E-04
	10.3	1.01E-03	9.44E-04
	10.4	1.02E-03	9.51E-04
	10.5	1.02E-03	9.59E-04
	10.6	1.03E-03	9.66E-04
	10.7	1.04E-03	9.73E-04
	10.8	1.04E-03	9.80E-04
	10.9	1.05E-03	9.87E-04
	11	1.06E-03	9.94E-04
	11.1	1.07E-03	1.00E-03
	11.2	1.07E-03	1.01E-03
	11.3	1.08E-03	1.01E-03
	11.4	1.09E-03	1.02E-03
	11.5	1.09E-03	1.03E-03
	11.6	1.10E-03	1.04E-03
	11.7	1.11E-03	1.04E-03
	11.8	1.11E-03	1.05E-03
	11.9	1.12E-03	1.06E-03
	12	1.12E-03	1.06E-03
	12.1	1.13E-03	1.07E-03
	12.2	1.14E-03	1.08E-03
	12.3	1.14E-03	1.08E-03
	12.4	1.15E-03	1.09E-03
	12.5	1.16E-03	1.10E-03
	12.6	1.16E-03	1.10E-03
	12.7	1.17E-03	1.11E-03
	12.8	1.18E-03	1.12E-03
	12.9	1.18E-03	1.12E-03
	13	1.19E-03	1.13E-03
	13.1	1.19E-03	1.14E-03
	13.2	1.20E-03	1.14E-03
	13.3	1.21E-03	1.15E-03
	13.4	1.21E-03	1.15E-03
	13.5	1.22E-03	1.16E-03
	13.6	1.23E-03	1.17E-03
	13.7	1.23E-03	1.17E-03
	13.8	1.24E-03	1.18E-03
	13.9	1.24E-03	1.19E-03
	14	1.25E-03	1.19E-03
	14.1	1.26E-03	1.20E-03
	14.2	1.26E-03	1.20E-03
	14.3	1.27E-03	1.21E-03
	14.4	1.27E-03	1.22E-03
	14.5	1.28E-03	1.22E-03
	14.6	1.29E-03	1.23E-03
	14.7	1.29E-03	1.24E-03
	14.8	1.30E-03	1.24E-03
	14.9	1.30E-03	1.25E-03
	15	1.31E-03	1.25E-03
	15.1	1.31E-03	1.26E-03
	15.2	1.32E-03	1.27E-03
	15.3	1.33E-03	1.27E-03
	15.4	1.33E-03	1.28E-03
	15.5	1.34E-03	1.28E-03
	15.6	1.34E-03	1.29E-03
	15.7	1.35E-03	1.29E-03
	15.8	1.35E-03	1.30E-03
	15.9	1.36E-03	1.31E-03
	16	1.37E-03	1.31E-03
	16.1	1.37E-03	1.32E-03
	16.2	1.38E-03	1.32E-03
	16.3	1.38E-03	1.33E-03
	16.4	1.39E-03	1.34E-03
	16.5	1.39E-03	1.34E-03
	16.6	1.40E-03	1.35E-03
	16.7	1.40E-03	1.35E-03
	16.8	1.41E-03	1.36E-03
	16.9	1.42E-03	1.36E-03
	17	1.42E-03	1.37E-03
	17.1	1.43E-03	1.37E-03
	17.2	1.43E-03	1.38E-03
	17.3	1.44E-03	1.39E-03
	17.4	1.44E-03	1.39E-03
	17.5	1.45E-03	1.40E-03
	17.6	1.45E-03	1.40E-03
	17.7	1.46E-03	1.41E-03
	17.8	1.46E-03	1.41E-03
	17.9	1.47E-03	1.42E-03
	18	1.48E-03	1.42E-03
	18.1	1.48E-03	1.43E-03
	18.2	1.49E-03	1.44E-03
	18.3	1.49E-03	1.44E-03
	18.4	1.50E-03	1.45E-03
	18.5	1.50E-03	1.45E-03
	18.6	1.51E-03	1.46E-03
	18.7	1.51E-03	1.46E-03
	18.8	1.52E-03	1.47E-03
	18.9	1.52E-03	1.47E-03
	19	1.53E-03	1.48E-03
	19.1	1.53E-03	1.48E-03
	19.2	1.54E-03	1.49E-03
	19.3	1.54E-03	1.49E-03
	19.4	1.55E-03	1.50E-03
	19.5	1.55E-03	1.50E-03
	19.6	1.56E-03	1.51E-03
	19.7	1.56E-03	1.51E-03
	19.8	1.57E-03	1.52E-03
	19.9	1.57E-03	1.52E-03
	20	1.58E-03	1.53E-03
	20.1	1.58E-03	1.54E-03
	20.2	1.59E-03	1.54E-03
	20.3	1.59E-03	1.55E-03
	20.4	1.60E-03	1.55E-03
	20.5	1.60E-03	1.56E-03
	20.6	1.61E-03	1.56E-03
	20.7	1.61E-03	1.57E-03
	20.8	1.62E-03	1.57E-03
	20.9	1.62E-03	1.58E-03
	21	1.63E-03	1.58E-03
	21.1	1.63E-03	1.59E-03
	21.2	1.64E-03	1.59E-03
	21.3	1.64E-03	1.60E-03
	21.4	1.65E-03	1.60E-03
	21.5	1.65E-03	1.61E-03
	21.6	1.66E-03	1.61E-03
	21.7	1.66E-03	1.62E-03
	21.8	1.67E-03	1.62E-03
	21.9	1.67E-03	1.63E-03
	22	1.68E-03	1.63E-03
	22.1	1.68E-03	1.64E-03
	22.2	1.69E-03	1.64E-03
	22.3	1.69E-03	1.65E-03
	22.4	1.70E-03	1.65E-03
	22.5	1.70E-03	1.66E-03
	22.6	1.71E-03	1.66E-03
	22.7	1.71E-03	1.67E-03
	22.8	1.72E-03	1.67E-03
	22.9	1.72E-03	1.68E-03
	23	1.73E-03	1.68E-03
	23.1	1.73E-03	1.69E-03
	23.2	1.74E-03	1.69E-03
	23.3	1.74E-03	1.70E-03
	23.4	1.75E-03	1.70E-03
	23.5	1.75E-03	1.71E-03
	23.6	1.76E-03	1.71E-03
	23.7	1.76E-03	1.71E-03
	23.8	1.77E-03	1.72E-03
	23.9	1.77E-03	1.72E-03
	24	1.77E-03	1.73E-03
	24.1	1.78E-03	1.73E-03
	24.2	1.78E-03	1.74E-03
	24.3	1.79E-03	1.74E-03
	24.4	1.79E-03	1.75E-03
	24.5	1.80E-03	1.75E-03
	24.6	1.80E-03	1.76E-03
	24.7	1.81E-03	1.76E-03
	24.8	1.81E-03	1.77E-03
	24.9	1.82E-03	1.77E-03
	25	1.82E-03	1.78E-03
	25.1	1.83E-03	1.78E-03
	25.2	1.83E-03	1.79E-03
	25.3	1.83E-03	1.79E-03
	25.4	1.84E-03	1.80E-03
	25.5	1.84E-03	1.80E-03
	25.6	1.85E-03	1.81E-03
	25.7	1.85E-03	1.81E-03
	25.8	1.86E-03	1.81E-03
	25.9	1.86E-03	1.82E-03
	26	1.87E-03	1.82E-03
	26.1	1.87E-03	1.83E-03
	26.2	1.88E-03	1.83E-03
	26.3	1.88E-03	1.84E-03
	26.4	1.88E-03	1.84E-03
	26.5	1.89E-03	1.85E-03
	26.6	1.89E-03	1.85E-03
	26.7	1.90E-03	1.86E-03
	26.8	1.90E-03	1.86E-03
	26.9	1.91E-03	1.87E-03
	27	1.91E-03	1.87E-03
	27.1	1.91E-03	1.87E-03
	27.2	1.92E-03	1.88E-03
	27.3	1.92E-03	1.88E-03
	27.4	1.93E-03	1.89E-03
	27.5	1.93E-03	1.89E-03
	27.6	1.94E-03	1.90E-03
	27.7	1.94E-03	1.90E-03
	27.8	1.94E-03	1.91E-03
	27.9	1.95E-03	1.91E-03
	28	1.95E-03	1.91E-03
	28.1	1.96E-03	1.92E-03
	28.2	1.96E-03	1.92E-03
	28.3	1.97E-03	1.93E-03
	28.4	1.97E-03	1.93E-03
	28.5	1.97E-03	1.94E-03
	28.6	1.98E-03	1.94E-03
	28.7	1.98E-03	1.94E-03
	28.8	1.99E-03	1.95E-03
	28.9	1.99E-03	1.95E-03
	29	1.99E-03	1.96E-03
	29.1	2.00E-03	1.96E-03
	29.2	2.00E-03	1.97E-03
	29.3	2.01E-03	1.97E-03
	29.4	2.01E-03	1.97E-03
	29.5	2.01E-03	1.98E-03
	29.6	2.02E-03	1.98E-03
	29.7	2.02E-03	1.99E-03
	29.8	2.02E-03	1.99E-03
	29.9	2.03E-03	1.99E-03
	30	2.03E-03	2.00E-03
	30.1	2.04E-03	2.00E-03
	30.2	2.04E-03	2.01E-03
	30.3	2.04E-03	2.01E-03
	30.4	2.05E-03	2.01E-03
	30.5	2.05E-03	2.02E-03
	30.6	2.05E-03	2.02E-03
	30.7	2.06E-03	2.03E-03
	30.8	2.06E-03	2.03E-03
	30.9	2.06E-03	2.03E-03
	31	2.07E-03	2.04E-03
	31.1	2.07E-03	2.04E-03
	31.2	2.07E-03	2.04E-03
	31.3	2.08E-03	2.05E-03
	31.4	2.08E-03	2.05E-03
	31.5	2.08E-03	2.06E-03
	31.6	2.09E-03	2.06E-03
	31.7	2.09E-03	2.06E-03
	31.8	2.09E-03	2.07E-03
	31.9	2.10E-03	2.07E-03
	32	2.10E-03	2.07E-03
	32.1	2.10E-03	2.08E-03
	32.2	2.10E-03	2.08E-03
	32.3	2.11E-03	2.08E-03
	32.4	2.11E-03	2.09E-03
	32.5	2.11E-03	2.09E-03
	32.6	2.12E-03	2.09E-03
	32.7	2.12E-03	2.10E-03
	32.8	2.12E-03	2.10E-03
	32.9	2.12E-03	2.10E-03
	33	2.13E-03	2.11E-03
	33.1	2.13E-03	2.11E-03
	33.2	2.13E-03	2.11E-03
	33.3	2.13E-03	2.11E-03
	33.4	2.14E-03	2.12E-03
	33.5	2.14E-03	2.12E-03
	33.6	2.14E-03	2.12E-03
	33.7	2.14E-03	2.13E-03
	33.8	2.15E-03	2.13E-03
	33.9	2.15E-03	2.13E-03
	34	2.15E-03	2.13E-03
	34.1	2.15E-03	2.14E-03
	34.2	2.16E-03	2.14E-03
	34.3	2.16E-03	2.14E-03
	34.4	2.16E-03	2.14E-03
	34.5	2.16E-03	2.15E-03
	34.6	2.16E-03	2.15E-03
	34.7	2.17E-03	2.15E-03
	34.8	2.17E-03	2.15E-03
	34.9	2.17E-03	2.16E-03
	35	2.17E-03	2.16E-03
	35.1	2.17E-03	2.16E-03
	35.2	2.17E-03	2.16E-03
	35.3	2.18E-03	2.17E-03
	35.4	2.18E-03	2.17E-03
	35.5	2.18E-03	2.17E-03
	35.6	2.18E-03	2.17E-03
	35.7	2.18E-03	2.17E-03
	35.8	2.18E-03	2.18E-03
	35.9	2.18E-03	2.18E-03
	36	2.18E-03	2.18E-03
	36.1	2.19E-03	2.18E-03
	36.2	2.19E-03	2.18E-03
	36.3	2.19E-03	2.18E-03
	36.4	2.19E-03	2.19E-03
	36.5	2.19E-03	2.19E-03
	36.6	2.19E-03	2.19E-03
	36.7	2.19E-03	2.19E-03
	36.8	2.19E-03	2.19E-03
	36.9	2.19E-03	2.19E-03
	37	2.19E-03	2.19E-03
	37.1	2.19E-03	2.19E-03
	37.2	2.19E-03	2.20E-03
	37.3	2.19E-03	2.20E-03
	37.4	2.19E-03	2.20E-03
	37.5	2.19E-03	2.20E-03
	37.6	2.19E-03	2.20E-03
	37.7	2.19E-03	2.20E-03
	37.8	2.19E-03	2.20E-03
	37.9	2.19E-03	2.20E-03
	38	2.19E-03	2.20E-03
	38.1	2.19E-03	2.20E-03
	38.2	2.19E-03	2.20E-03
	38.3	2.19E-03	2.20E-03
	38.4	2.19E-03	2.20E-03
	38.5	2.19E-03	2.20E-03
	38.6	2.19E-03	2.20E-03
	38.7	2.19E-03	2.20E-03
	38.8	2.19E-03	2.20E-03
	38.9	2.19E-03	2.20E-03
	39	2.19E-03	2.20E-03
	39.1	2.19E-03	2.20E-03
	39.2	2.19E-03	2.20E-03
	39.3	2.19E-03	2.20E-03
	39.4	2.19E-03	2.20E-03
	39.5	2.18E-03	2.20E-03
	39.6	2.18E-03	2.20E-03
	39.7	2.18E-03	2.20E-03
	39.8	2.18E-03	2.20E-03
	39.9	2.18E-03	2.20E-03
	40	2.18E-03	2.20E-03
	40.1	2.18E-03	2.20E-03
	40.2	2.17E-03	2.20E-03
	40.3	2.17E-03	2.20E-03
	40.4	2.17E-03	2.20E-03
	40.5	2.17E-03	2.19E-03
	40.6	2.17E-03	2.19E-03
	40.7	2.17E-03	2.19E-03
	40.8	2.16E-03	2.19E-03
	40.9	2.16E-03	2.19E-03
	41	2.16E-03	2.19E-03
	41.1	2.16E-03	2.19E-03
	41.2	2.15E-03	2.18E-03
	41.3	2.15E-03	2.18E-03
	41.4	2.15E-03	2.18E-03
	41.5	2.15E-03	2.18E-03
	41.6	2.14E-03	2.18E-03
	41.7	2.14E-03	2.18E-03
	41.8	2.14E-03	2.17E-03
	41.9	2.14E-03	2.17E-03
	42	2.13E-03	2.17E-03
	42.1	2.13E-03	2.17E-03
	42.2	2.13E-03	2.16E-03
	42.3	2.12E-03	2.16E-03
	42.4	2.12E-03	2.16E-03
	42.5	2.12E-03	2.16E-03
	42.6	2.11E-03	2.15E-03
	42.7	2.11E-03	2.15E-03
	42.8	2.11E-03	2.15E-03
	42.9	2.10E-03	2.15E-03
	43	2.10E-03	2.14E-03
	43.1	2.10E-03	2.14E-03
	43.2	2.09E-03	2.14E-03
	43.3	2.09E-03	2.13E-03
	43.4	2.09E-03	2.13E-03
	43.5	2.08E-03	2.13E-03
	43.6	2.08E-03	2.12E-03
	43.7	2.07E-03	2.12E-03
	43.8	2.07E-03	2.12E-03
	43.9	2.06E-03	2.11E-03
	44	2.06E-03	2.11E-03
	44.1	2.06E-03	2.11E-03
	44.2	2.05E-03	2.10E-03
	44.3	2.05E-03	2.10E-03
	44.4	2.04E-03	2.09E-03
	44.5	2.04E-03	2.09E-03
	44.6	2.03E-03	2.09E-03
	44.7	2.03E-03	2.08E-03
	44.8	2.02E-03	2.08E-03
	44.9	2.02E-03	2.07E-03
	45	2.01E-03	2.07E-03
	45.1	2.01E-03	2.06E-03
	45.2	2.00E-03	2.06E-03
	45.3	2.00E-03	2.05E-03
	45.4	1.99E-03	2.05E-03
	45.5	1.99E-03	2.05E-03
	45.6	1.98E-03	2.04E-03
	45.7	1.98E-03	2.04E-03
	45.8	1.97E-03	2.03E-03
	45.9	1.97E-03	2.03E-03
	46	1.96E-03	2.02E-03
	46.1	1.95E-03	2.02E-03
	46.2	1.95E-03	2.01E-03
	46.3	1.94E-03	2.01E-03
	46.4	1.94E-03	2.00E-03
	46.5	1.93E-03	1.99E-03
	46.6	1.93E-03	1.99E-03
	46.7	1.92E-03	1.98E-03
	46.8	1.91E-03	1.98E-03
	46.9	1.91E-03	1.97E-03
	47	1.90E-03	1.97E-03
	47.1	1.89E-03	1.96E-03
	47.2	1.89E-03	1.95E-03
	47.3	1.88E-03	1.95E-03
	47.4	1.88E-03	1.94E-03
	47.5	1.87E-03	1.94E-03
	47.6	1.86E-03	1.93E-03
	47.7	1.86E-03	1.92E-03
	47.8	1.85E-03	1.92E-03
	47.9	1.84E-03	1.91E-03
	48	1.84E-03	1.91E-03
	48.1	1.83E-03	1.90E-03
	48.2	1.82E-03	1.89E-03
	48.3	1.82E-03	1.89E-03
	48.4	1.81E-03	1.88E-03
	48.5	1.80E-03	1.87E-03
	48.6	1.79E-03	1.87E-03
	48.7	1.79E-03	1.86E-03
	48.8	1.78E-03	1.85E-03
	48.9	1.77E-03	1.85E-03
	49	1.77E-03	1.84E-03
	49.1	1.76E-03	1.83E-03
	49.2	1.75E-03	1.83E-03
	49.3	1.74E-03	1.82E-03
	49.4	1.74E-03	1.81E-03
	49.5	1.73E-03	1.80E-03
	49.6	1.72E-03	1.80E-03
	49.7	1.71E-03	1.79E-03
	49.8	1.71E-03	1.78E-03
	49.9	1.70E-03	1.78E-03
	50	1.69E-03	1.77E-03
	50.1	1.68E-03	1.76E-03
	50.2	1.68E-03	1.75E-03
	50.3	1.67E-03	1.75E-03
	50.4	1.66E-03	1.74E-03
	50.5	1.65E-03	1.73E-03
	50.6	1.65E-03	1.72E-03
	50.7	1.64E-03	1.72E-03
	50.8	1.63E-03	1.71E-03
	50.9	1.62E-03	1.70E-03
	51	1.61E-03	1.69E-03
	51.1	1.61E-03	1.69E-03
	51.2	1.60E-03	1.68E-03
	51.3	1.59E-03	1.67E-03
	51.4	1.58E-03	1.66E-03
	51.5	1.57E-03	1.65E-03
	51.6	1.57E-03	1.65E-03
	51.7	1.56E-03	1.64E-03
	51.8	1.55E-03	1.63E-03
	51.9	1.54E-03	1.62E-03
	52	1.53E-03	1.61E-03
	52.1	1.53E-03	1.61E-03
	52.2	1.52E-03	1.60E-03
	52.3	1.51E-03	1.59E-03
	52.4	1.50E-03	1.58E-03
	52.5	1.49E-03	1.57E-03
	52.6	1.49E-03	1.57E-03
	52.7	1.48E-03	1.56E-03
	52.8	1.47E-03	1.55E-03
	52.9	1.46E-03	1.54E-03
	53	1.45E-03	1.53E-03
	53.1	1.44E-03	1.53E-03
	53.2	1.44E-03	1.52E-03
	53.3	1.43E-03	1.51E-03
	53.4	1.42E-03	1.50E-03
	53.5	1.41E-03	1.49E-03
	53.6	1.40E-03	1.48E-03
	53.7	1.39E-03	1.48E-03
	53.8	1.39E-03	1.47E-03
	53.9	1.38E-03	1.46E-03
	54	1.37E-03	1.45E-03
	54.1	1.36E-03	1.44E-03
	54.2	1.35E-03	1.43E-03
	54.3	1.34E-03	1.43E-03
	54.4	1.34E-03	1.42E-03
	54.5	1.33E-03	1.41E-03
	54.6	1.32E-03	1.40E-03
	54.7	1.31E-03	1.39E-03
	54.8	1.30E-03	1.38E-03
	54.9	1.29E-03	1.37E-03
	55	1.29E-03	1.37E-03
	55.1	1.28E-03	1.36E-03
	55.2	1.27E-03	1.35E-03
	55.3	1.26E-03	1.34E-03
	55.4	1.25E-03	1.33E-03
	55.5	1.24E-03	1.32E-03
	55.6	1.24E-03	1.32E-03
	55.7	1.23E-03	1.31E-03
	55.8	1.22E-03	1.30E-03
	55.9	1.21E-03	1.29E-03
	56	1.20E-03	1.28E-03
	56.1	1.19E-03	1.27E-03
	56.2	1.19E-03	1.27E-03
	56.3	1.18E-03	1.26E-03
	56.4	1.17E-03	1.25E-03
	56.5	1.16E-03	1.24E-03
	56.6	1.15E-03	1.23E-03
	56.7	1.14E-03	1.22E-03
	56.8	1.14E-03	1.21E-03
	56.9	1.13E-03	1.21E-03
	57	1.12E-03	1.20E-03
	57.1	1.11E-03	1.19E-03
	57.2	1.10E-03	1.18E-03
	57.3	1.10E-03	1.17E-03
	57.4	1.09E-03	1.16E-03
	57.5	1.08E-03	1.16E-03
	57.6	1.07E-03	1.15E-03
	57.7	1.06E-03	1.14E-03
	57.8	1.06E-03	1.13E-03
	57.9	1.05E-03	1.12E-03
	58	1.04E-03	1.12E-03
	58.1	1.03E-03	1.11E-03
	58.2	1.02E-03	1.10E-03
	58.3	1.02E-03	1.09E-03
	58.4	1.01E-03	1.08E-03
	58.5	1.00E-03	1.07E-03
	58.6	9.93E-04	1.07E-03
	58.7	9.85E-04	1.06E-03
	58.8	9.77E-04	1.05E-03
	58.9	9.70E-04	1.04E-03
	59	9.62E-04	1.03E-03
	59.1	9.54E-04	1.03E-03
	59.2	9.47E-04	1.02E-03
	59.3	9.39E-04	1.01E-03
	59.4	9.32E-04	1.00E-03
	59.5	9.24E-04	9.95E-04
	59.6	9.16E-04	9.87E-04
	59.7	9.09E-04	9.79E-04
	59.8	9.01E-04	9.71E-04
	59.9	8.94E-04	9.64E-04
	60	8.87E-04	9.56E-04
	60.1	8.79E-04	9.48E-04
	60.2	8.72E-04	9.41E-04
	60.3	8.65E-04	9.33E-04
	60.4	8.57E-04	9.25E-04
	60.5	8.50E-04	9.18E-04
	60.6	8.43E-04	9.10E-04
	60.7	8.36E-04	9.03E-04
	60.8	8.28E-04	8.95E-04
	60.9	8.21E-04	8.88E-04
	61	8.14E-04	8.80E-04
	61.1	8.07E-04	8.73E-04
	61.2	8.00E-04	8.65E-04
	61.3	7.93E-04	8.58E-04
	61.4	7.86E-04	8.51E-04
	61.5	7.79E-04	8.44E-04
	61.6	7.72E-04	8.36E-04
	61.7	7.66E-04	8.29E-04
	61.8	7.59E-04	8.22E-04
	61.9	7.52E-04	8.15E-04
	62	7.45E-04	8.08E-04
	62.1	7.39E-04	8.01E-04
	62.2	7.32E-04	7.94E-04
	62.3	7.25E-04	7.87E-04
	62.4	7.19E-04	7.80E-04
	62.5	7.12E-04	7.73E-04
	62.6	7.06E-04	7.66E-04
	62.7	6.99E-04	7.59E-04
	62.8	6.93E-04	7.52E-04
	62.9	6.86E-04	7.45E-04
	63	6.80E-04	7.39E-04
	63.1	6.74E-04	7.32E-04
	63.2	6.67E-04	7.25E-04
	63.3	6.61E-04	7.19E-04
	63.4	6.55E-04	7.12E-04
	63.5	6.49E-04	7.05E-04
	63.6	6.42E-04	6.99E-04
	63.7	6.36E-04	6.92E-04
	63.8	6.30E-04	6.86E-04
	63.9	6.24E-04	6.80E-04
	64	6.18E-04	6.73E-04
	64.1	6.12E-04	6.67E-04
	64.2	6.06E-04	6.61E-04
	64.3	6.00E-04	6.54E-04
	64.4	5.95E-04	6.48E-04
	64.5	5.89E-04	6.42E-04
	64.6	5.83E-04	6.36E-04
	64.7	5.77E-04	6.30E-04
	64.8	5.72E-04	6.24E-04
	64.9	5.66E-04	6.18E-04
	65	5.60E-04	6.12E-04
	65.1	5.55E-04	6.06E-04
	65.2	5.49E-04	6.00E-04
	65.3	5.44E-04	5.94E-04
	65.4	5.38E-04	5.88E-04
	65.5	5.33E-04	5.82E-04
	65.6	5.28E-04	5.76E-04
	65.7	5.22E-04	5.71E-04
	65.8	5.17E-04	5.65E-04
	65.9	5.12E-04	5.59E-04
	66	5.06E-04	5.54E-04
	66.1	5.01E-04	5.48E-04
	66.2	4.96E-04	5.43E-04
	66.3	4.91E-04	5.37E-04
	66.4	4.86E-04	5.32E-04
	66.5	4.81E-04	5.26E-04
	66.6	4.76E-04	5.21E-04
	66.7	4.71E-04	5.16E-04
	66.8	4.66E-04	5.11E-04
	66.9	4.61E-04	5.05E-04
	67	4.56E-04	5.00E-04
	67.1	4.51E-04	4.95E-04
	67.2	4.47E-04	4.90E-04
	67.3	4.42E-04	4.85E-04
	67.4	4.37E-04	4.80E-04
	67.5	4.33E-04	4.75E-04
	67.6	4.28E-04	4.70E-04
	67.7	4.23E-04	4.65E-04
	67.8	4.19E-04	4.60E-04
	67.9	4.14E-04	4.55E-04
	68	4.10E-04	4.50E-04
	68.1	4.05E-04	4.45E-04
	68.2	4.01E-04	4.41E-04
	68.3	3.97E-04	4.36E-04
	68.4	3.92E-04	4.31E-04
	68.5	3.88E-04	4.27E-04
	68.6	3.84E-04	4.22E-04
	68.7	3.79E-04	4.17E-04
	68.8	3.75E-04	4.13E-04
	68.9	3.71E-04	4.08E-04
	69	3.67E-04	4.04E-04
	69.1	3.63E-04	4.00E-04
	69.2	3.59E-04	3.95E-04
	69.3	3.55E-04	3.91E-04
	69.4	3.51E-04	3.87E-04
	69.5	3.47E-04	3.82E-04
	69.6	3.43E-04	3.78E-04
	69.7	3.39E-04	3.74E-04
	69.8	3.35E-04	3.70E-04
	69.9	3.31E-04	3.66E-04
	70	3.28E-04	3.61E-04
	70.1	3.24E-04	3.57E-04
	70.2	3.20E-04	3.53E-04
	70.3	3.16E-04	3.49E-04
	70.4	3.13E-04	3.45E-04
	70.5	3.09E-04	3.42E-04
	70.6	3.06E-04	3.38E-04
	70.7	3.02E-04	3.34E-04
	70.8	2.99E-04	3.30E-04
	70.9	2.95E-04	3.26E-04
	71	2.92E-04	3.22E-04
	71.1	2.88E-04	3.19E-04
	71.2	2.85E-04	3.15E-04
	71.3	2.81E-04	3.11E-04
	71.4	2.78E-04	3.08E-04
	71.5	2.75E-04	3.04E-04
	71.6	2.72E-04	3.01E-04
	71.7	2.68E-04	2.97E-04
	71.8	2.65E-04	2.94E-04
	71.9	2.62E-04	2.90E-04
	72	2.59E-04	2.87E-04
	72.1	2.56E-04	2.83E-04
	72.2	2.53E-04	2.80E-04
	72.3	2.49E-04	2.77E-04
	72.4	2.46E-04	2.73E-04
	72.5	2.43E-04	2.70E-04
	72.6	2.40E-04	2.67E-04
	72.7	2.38E-04	2.64E-04
	72.8	2.35E-04	2.60E-04
	72.9	2.32E-04	2.57E-04
	73	2.29E-04	2.54E-04
	73.1	2.26E-04	2.51E-04
	73.2	2.23E-04	2.48E-04
	73.3	2.20E-04	2.45E-04
	73.4	2.18E-04	2.42E-04
	73.5	2.15E-04	2.39E-04
	73.6	2.12E-04	2.36E-04
	73.7	2.10E-04	2.33E-04
	73.8	2.07E-04	2.30E-04
	73.9	2.04E-04	2.27E-04
	74	2.02E-04	2.25E-04
	74.1	1.99E-04	2.22E-04
	74.2	1.97E-04	2.19E-04
	74.3	1.94E-04	2.16E-04
	74.4	1.92E-04	2.14E-04
	74.5	1.89E-04	2.11E-04
	74.6	1.87E-04	2.08E-04
	74.7	1.84E-04	2.06E-04
	74.8	1.82E-04	2.03E-04
	74.9	1.79E-04	2.00E-04
	75	1.77E-04	1.98E-04
	75.1	1.75E-04	1.95E-04
	75.2	1.73E-04	1.93E-04
	75.3	1.70E-04	1.90E-04
	75.4	1.68E-04	1.88E-04
	75.5	1.66E-04	1.85E-04
	75.6	1.64E-04	1.83E-04
	75.7	1.61E-04	1.81E-04
	75.8	1.59E-04	1.78E-04
	75.9	1.57E-04	1.76E-04
	76	1.55E-04	1.74E-04
	76.1	1.53E-04	1.71E-04
	76.2	1.51E-04	1.69E-04
	76.3	1.49E-04	1.67E-04
	76.4	1.47E-04	1.65E-04
	76.5	1.45E-04	1.62E-04
	76.6	1.43E-04	1.60E-04
	76.7	1.41E-04	1.58E-04
	76.8	1.39E-04	1.56E-04
	76.9	1.37E-04	1.54E-04
	77	1.35E-04	1.52E-04
	77.1	1.33E-04	1.50E-04
	77.2	1.31E-04	1.48E-04
	77.3	1.29E-04	1.46E-04
	77.4	1.28E-04	1.44E-04
	77.5	1.26E-04	1.42E-04
	77.6	1.24E-04	1.40E-04
	77.7	1.22E-04	1.38E-04
	77.8	1.21E-04	1.36E-04
	77.9	1.19E-04	1.34E-04
	78	1.17E-04	1.32E-04
	78.1	1.15E-04	1.30E-04
	78.2	1.14E-04	1.28E-04
	78.3	1.12E-04	1.26E-04
	78.4	1.10E-04	1.25E-04
	78.5	1.09E-04	1.23E-04
	78.6	1.07E-04	1.21E-04
	78.7	1.06E-04	1.19E-04
	78.8	1.04E-04	1.18E-04
	78.9	1.03E-04	1.16E-04
	79	1.01E-04	1.14E-04
	79.1	9.96E-05	1.13E-04
	79.2	9.81E-05	1.11E-04
	79.3	9.66E-05	1.09E-04
	79.4	9.51E-05	1.08E-04
	79.5	9.37E-05	1.06E-04
	79.6	9.23E-05	1.05E-04
	79.7	9.09E-05	1.03E-04
	79.8	8.95E-05	1.02E-04
	79.9	8.81E-05	1.00E-04
	80	8.67E-05	9.85E-05
	80.1	8.54E-05	9.70E-05
	80.2	8.41E-05	9.55E-05
	80.3	8.28E-05	9.41E-05
	80.4	8.15E-05	9.27E-05
	80.5	8.02E-05	9.12E-05
	80.6	7.89E-05	8.98E-05
	80.7	7.77E-05	8.85E-05
	80.8	7.64E-05	8.71E-05
	80.9	7.52E-05	8.57E-05
	81	7.40E-05	8.44E-05
	81.1	7.28E-05	8.31E-05
	81.2	7.16E-05	8.18E-05
	81.3	7.05E-05	8.05E-05
	81.4	6.93E-05	7.92E-05
	81.5	6.82E-05	7.79E-05
	81.6	6.70E-05	7.67E-05
	81.7	6.59E-05	7.54E-05
	81.8	6.48E-05	7.42E-05
	81.9	6.38E-05	7.30E-05
	82	6.27E-05	7.18E-05
	82.1	6.16E-05	7.07E-05
	82.2	6.06E-05	6.95E-05
	82.3	5.96E-05	6.84E-05
	82.4	5.85E-05	6.72E-05
	82.5	5.75E-05	6.61E-05
	82.6	5.65E-05	6.50E-05
	82.7	5.56E-05	6.39E-05
	82.8	5.46E-05	6.28E-05
	82.9	5.37E-05	6.18E-05
	83	5.27E-05	6.07E-05
	83.1	5.18E-05	5.97E-05
	83.2	5.09E-05	5.87E-05
	83.3	5.00E-05	5.76E-05
	83.4	4.91E-05	5.66E-05
	83.5	4.82E-05	5.57E-05
	83.6	4.73E-05	5.47E-05
	83.7	4.65E-05	5.37E-05
	83.8	4.56E-05	5.28E-05
	83.9	4.48E-05	5.18E-05
	84	4.39E-05	5.09E-05
	84.1	4.31E-05	5.00E-05
	84.2	4.23E-05	4.91E-05
	84.3	4.15E-05	4.82E-05
	84.4	4.08E-05	4.73E-05
	84.5	4.00E-05	4.65E-05
	84.6	3.92E-05	4.56E-05
	84.7	3.85E-05	4.48E-05
	84.8	3.77E-05	4.39E-05
	84.9	3.70E-05	4.31E-05
	85	3.63E-05	4.23E-05
	85.1	3.56E-05	4.15E-05
	85.2	3.49E-05	4.07E-05
	85.3	3.42E-05	4.00E-05
	85.4	3.35E-05	3.92E-05
	85.5	3.29E-05	3.84E-05
	85.6	3.22E-05	3.77E-05
	85.7	3.16E-05	3.70E-05
	85.8	3.09E-05	3.62E-05
	85.9	3.03E-05	3.55E-05
	86	2.97E-05	3.48E-05
	86.1	2.91E-05	3.41E-05
	86.2	2.85E-05	3.34E-05
	86.3	2.79E-05	3.28E-05
	86.4	2.73E-05	3.21E-05
	86.5	2.67E-05	3.15E-05
	86.6	2.61E-05	3.08E-05
	86.7	2.56E-05	3.02E-05
	86.8	2.50E-05	2.96E-05
	86.9	2.45E-05	2.89E-05
	87	2.40E-05	2.83E-05
	87.1	2.34E-05	2.77E-05
	87.2	2.29E-05	2.72E-05
	87.3	2.24E-05	2.66E-05
	87.4	2.19E-05	2.60E-05
	87.5	2.14E-05	2.55E-05
	87.6	2.10E-05	2.49E-05
	87.7	2.05E-05	2.44E-05
	87.8	2.00E-05	2.38E-05
	87.9	1.96E-05	2.33E-05
	88	1.91E-05	2.28E-05
	88.1	1.87E-05	2.23E-05
	88.2	1.82E-05	2.18E-05
	88.3	1.78E-05	2.13E-05
	88.4	1.74E-05	2.08E-05
	88.5	1.70E-05	2.03E-05
	88.6	1.66E-05	1.99E-05
	88.7	1.62E-05	1.94E-05
	88.8	1.58E-05	1.89E-05
	88.9	1.54E-05	1.85E-05
	89	1.50E-05	1.81E-05
	89.1	1.46E-05	1.76E-05
	89.2	1.43E-05	1.72E-05
	89.3	1.39E-05	1.68E-05
	89.4	1.36E-05	1.64E-05
	89.5	1.32E-05	1.60E-05
	89.6	1.29E-05	1.56E-05
	89.7	1.26E-05	1.52E-05
	89.8	1.22E-05	1.48E-05
	89.9	1.19E-05	1.45E-05
	90	1.16E-05	1.41E-05
	90.1	1.13E-05	1.37E-05
	90.2	1.10E-05	1.34E-05
	90.3	1.07E-05	1.30E-05
	90.4	1.04E-05	1.27E-05
	90.5	1.01E-05	1.24E-05
	90.6	9.86E-06	1.21E-05
	90.7	9.59E-06	1.17E-05
	90.8	9.33E-06	1.14E-05
	90.9	9.07E-06	1.11E-05
	91	8.81E-06	1.08E-05
	91.1	8.57E-06	1.05E-05
	91.2	8.32E-06	1.02E-05
	91.3	8.09E-06	9.96E-06
	91.4	7.85E-06	9.68E-06
	91.5	7.63E-06	9.41E-06
	91.6	7.40E-06	9.15E-06
	91.7	7.19E-06	8.89E-06
	91.8	6.97E-06	8.64E-06
	91.9	6.77E-06	8.39E-06
	92	6.56E-06	8.15E-06
	92.1	6.36E-06	7.91E-06
	92.2	6.17E-06	7.68E-06
	92.3	5.98E-06	7.45E-06
	92.4	5.80E-06	7.23E-06
	92.5	5.62E-06	7.01E-06
	92.6	5.44E-06	6.80E-06
	92.7	5.27E-06	6.60E-06
	92.8	5.10E-06	6.40E-06
	92.9	4.94E-06	6.20E-06
	93	4.78E-06	6.01E-06
	93.1	4.62E-06	5.82E-06
	93.2	4.47E-06	5.64E-06
	93.3	4.33E-06	5.46E-06
	93.4	4.18E-06	5.28E-06
	93.5	4.04E-06	5.11E-06
	93.6	3.91E-06	4.95E-06
	93.7	3.77E-06	4.79E-06
	93.8	3.64E-06	4.63E-06
	93.9	3.52E-06	4.48E-06
	94	3.40E-06	4.33E-06
	94.1	3.28E-06	4.18E-06
	94.2	3.16E-06	4.04E-06
	94.3	3.05E-06	3.90E-06
	94.4	2.94E-06	3.77E-06
	94.5	2.84E-06	3.64E-06
	94.6	2.73E-06	3.51E-06
	94.7	2.63E-06	3.39E-06
	94.8	2.54E-06	3.27E-06
	94.9	2.44E-06	3.15E-06
	95	2.35E-06	3.04E-06
	95.1	2.26E-06	2.93E-06
	95.2	2.18E-06	2.82E-06
	95.3	2.09E-06	2.72E-06
	95.4	2.01E-06	2.62E-06
	95.5	1.94E-06	2.52E-06
	95.6	1.86E-06	2.42E-06
	95.7	1.79E-06	2.33E-06
	95.8	1.72E-06	2.24E-06
	95.9	1.65E-06	2.16E-06
	96	1.58E-06	2.07E-06
	96.1	1.52E-06	1.99E-06
	96.2	1.45E-06	1.91E-06
	96.3	1.39E-06	1.84E-06
	96.4	1.34E-06	1.76E-06
	96.5	1.28E-06	1.69E-06
	96.6	1.23E-06	1.62E-06
	96.7	1.17E-06	1.56E-06
	96.8	1.12E-06	1.49E-06
	96.9	1.08E-06	1.43E-06
	97	1.03E-06	1.37E-06
	97.1	9.84E-07	1.31E-06
	97.2	9.40E-07	1.26E-06
	97.3	8.98E-07	1.20E-06
	97.4	8.58E-07	1.15E-06
	97.5	8.19E-07	1.10E-06
	97.6	7.82E-07	1.05E-06
	97.7	7.46E-07	1.01E-06
	97.8	7.11E-07	9.61E-07
	97.9	6.78E-07	9.18E-07
	98	6.46E-07	8.77E-07
	98.1	6.16E-07	8.37E-07
	98.2	5.86E-07	7.98E-07
	98.3	5.58E-07	7.61E-07
	98.4	5.31E-07	7.26E-07
	98.5	5.05E-07	6.91E-07
	98.6	4.80E-07	6.59E-07
	98.7	4.56E-07	6.27E-07
	98.8	4.34E-07	5.97E-07
	98.9	4.12E-07	5.68E-07
	99	3.91E-07	5.40E-07
	99.1	3.71E-07	5.13E-07
	99.2	3.52E-07	4.88E-07
	99.3	3.33E-07	4.63E-07
	99.4	3.16E-07	4.40E-07
	99.5	2.99E-07	4.17E-07
	99.6	2.83E-07	3.96E-07
	99.7	2.68E-07	3.75E-07
	99.8	2.53E-07	3.56E-07
	99.9	2.40E-07	3.37E-07
	100	2.26E-07	3.19E-07
