      -2.750000
      -2.750000
      -2.750000
      -2.750000
      -2.750000
      -2.750000
      -2.750000
      -2.750000
      -2.750000
      -2.750000
      -2.750000
      -2.750000
      -2.750000
      -2.750000
      -2.750000
      -2.750000
      -2.750000
      -2.750000
      -2.750000
      -2.750000
      -2.750000
      -2.750000
      -2.750000
      -2.750000
      -2.441452
      -2.448057
      -2.447482
      -2.468976
      -2.449046
      -2.471498
      -2.449093
      -2.473584
      -2.433123
      -2.440622
      -2.438337
      -2.459726
      -2.439416
      -2.461694
      -2.439087
      -2.463228
      -2.416245
      -2.425158
      -2.419928
      -2.440760
      -2.420084
      -2.441658
      -2.419044
      -2.442157
      -2.466132
      -2.472776
      -2.478163
      -2.507997
      -2.484576
      -2.517105
      -2.489096
      -2.525873
      -2.465031
      -2.471775
      -2.476925
      -2.506544
      -2.483263
      -2.515528
      -2.487728
      -2.524177
      -2.463356
      -2.470135
      -2.475012
      -2.504093
      -2.481220
      -2.512853
      -2.485592
      -2.521288
      -2.149145
      -2.177012
      -2.147993
      -2.175138
      -2.146761
      -2.173954
      -2.145190
      -2.172454
      -2.133700
      -2.162198
      -2.131750
      -2.158267
      -2.130002
      -2.156456
      -2.128023
      -2.154388
      -2.101244
      -2.129843
      -2.098038
      -2.122602
      -2.095415
      -2.119739
      -2.092741
      -2.116769
      -2.135348
      -2.175314
      -2.144479
      -2.192375
      -2.149874
      -2.198584
      -2.153827
      -2.205001
      -2.132225
      -2.172245
      -2.141120
      -2.188439
      -2.146397
      -2.194445
      -2.150270
      -2.200679
      -2.126627
      -2.166262
      -2.135107
      -2.180839
      -2.140178
      -2.186476
      -2.143922
      -2.192386
      -1.723625
      -1.750381
      -1.724159
      -1.747705
      -1.723112
      -1.746001
      -1.721674
      -1.744847
      -1.698944
      -1.721273
      -1.698920
      -1.719893
      -1.697600
      -1.718204
      -1.695954
      -1.716873
      -1.650159
      -1.666782
      -1.649196
      -1.666228
      -1.647349
      -1.664339
      -1.645291
      -1.662617
      -1.741025
      -1.978720
      -1.746033
      -1.839544
      -1.750575
      -1.839621
      -1.754552
      -1.841983
      -1.730249
      -1.966620
      -1.735031
      -1.820062
      -1.739532
      -1.821152
      -1.743513
      -1.823963
      -1.709825
      -1.936163
      -1.714237
      -1.783840
      -1.718709
      -1.786500
      -1.722753
      -1.790050
      -1.222886
      -1.236207
      -1.221312
      -1.236881
      -1.220500
      -1.236713
      -1.219739
      -1.236075
      -1.190937
      -1.204532
      -1.188750
      -1.203841
      -1.187535
      -1.203221
      -1.186425
      -1.202124
      -1.124953
      -1.137775
      -1.122556
      -1.135772
      -1.120841
      -1.134394
      -1.119232
      -1.132793
      -1.177976
      -1.224805
      -1.184097
      -1.236427
      -1.190149
      -1.244151
      -1.195794
      -1.251104
      -1.159895
      -1.203667
      -1.165866
      -1.214041
      -1.171896
      -1.221652
      -1.177563
      -1.228501
      -1.123369
      -1.158578
      -1.129470
      -1.167837
      -1.135600
      -1.175307
      -1.141421
      -1.182198
      -0.606691
      -0.623581
      -0.605512
      -0.620999
      -0.605375
      -0.621233
      -0.605277
      -0.620913
      -0.561958
      -0.576301
      -0.561681
      -0.574947
      -0.561484
      -0.574889
      -0.561197
      -0.574682
      -0.479961
      -0.490078
      -0.479675
      -0.489575
      -0.479080
      -0.489031
      -0.478377
      -0.488523
      -0.486641
      -0.534702
      -0.494228
      -0.539282
      -0.502075
      -0.548406
      -0.509576
      -0.556815
      -0.456882
      -0.496125
      -0.464839
      -0.502667
      -0.472748
      -0.511727
      -0.480304
      -0.520307
      -0.399113
      -0.423554
      -0.407453
      -0.432287
      -0.415498
      -0.441275
      -0.423207
      -0.449958
       0.137519
       0.128556
       0.135569
       0.126232
       0.134360
       0.124926
       0.133409
       0.123574
       0.182792
       0.175055
       0.181602
       0.173342
       0.180761
       0.172333
       0.180066
       0.171351
       0.278738
       0.272628
       0.278660
       0.272186
       0.278520
       0.271854
       0.278426
       0.271645
       0.359488
       0.331315
       0.349859
       0.320232
       0.340351
       0.309672
       0.331198
       0.299577
       0.398677
       0.375404
       0.389043
       0.364547
       0.379504
       0.354039
       0.370297
       0.344004
       0.479792
       0.467277
       0.469936
       0.456677
       0.460268
       0.446291
       0.450926
       0.436327
       1.000842
       0.994792
       0.999481
       0.993027
       0.997627
       0.990795
       0.995783
       0.988886
       1.066430
       1.060972
       1.064842
       1.059099
       1.063009
       1.056964
       1.061258
       1.055128
       1.182011
       1.178202
       1.180701
       1.176824
       1.179546
       1.175531
       1.178522
       1.174355
       1.377239
       1.358257
       1.365593
       1.345681
       1.354214
       1.333379
       1.343240
       1.321593
       1.433012
       1.420347
       1.421035
       1.407521
       1.409471
       1.395143
       1.398341
       1.383225
       1.535852
       1.531562
       1.523963
       1.519161
       1.512581
       1.507301
       1.501617
       1.495804
       2.046581
       2.043359
       2.042664
       2.039191
       2.039103
       2.035405
       2.035811
       2.031860
       2.120495
       2.118253
       2.116892
       2.114496
       2.113729
       2.111165
       2.110831
       2.107995
       2.246669
       2.245827
       2.244359
       2.243303
       2.242238
       2.241006
       2.240283
       2.238876
       2.594795
       2.584344
       2.581021
       2.569747
       2.567721
       2.555689
       2.554914
       2.542165
       2.662848
       2.656605
       2.649135
       2.642274
       2.635907
       2.628454
       2.623164
       2.615142
       2.786111
       2.786386
       2.772966
       2.772859
       2.760229
       2.759743
       2.747928
       2.747115
       3.275688
       3.276045
       3.270601
       3.270645
       3.265792
       3.265544
       3.261267
       3.260751
       3.359453
       3.360513
       3.354803
       3.355532
       3.350346
       3.350790
       3.346147
       3.346370
       3.503622
       3.505652
       3.500191
       3.501986
       3.496977
       3.498544
       3.493980
       3.495342
       4.041063
       4.037082
       4.025233
       4.020560
       4.010008
       4.004678
       3.995365
       3.989401
       4.124609
       4.124777
       4.108786
       4.108348
       4.093590
       4.092572
       4.078977
       4.077395
       4.266459
       4.271313
       4.251664
       4.256165
       4.237465
       4.241628
       4.223787
       4.227592
       4.730910
       4.734738
       4.724072
       4.727551
       4.717641
       4.720792
       4.711587
       4.714424
       4.830022
       4.834405
       4.823510
       4.827590
       4.817433
       4.821213
       4.811732
       4.815209
       4.984526
       4.989844
       4.979781
       4.984806
       4.975366
       4.980113
       4.971240
       4.975709
       5.753942
       5.755768
       5.735969
       5.737132
       5.718720
       5.719250
       5.702148
       5.702067
       5.852970
       5.858235
       5.835227
       5.839948
       5.818195
       5.822392
       5.801828
       5.805519
       6.009321
       6.017984
       5.993119
       6.001358
       5.977512
       5.985352
       5.962480
       5.969955
       6.449738
       6.457521
       6.441030
       6.448394
       6.432828
       6.439796
       6.425091
       6.431682
       6.561843
       6.570232
       6.553740
       6.561717
       6.545234
       6.553698
       6.538041
       6.545285
       6.729301
       6.738501
       6.723130
       6.731930
       6.717333
       6.725760
       6.711890
       6.719973
       7.778795
       7.786357
       7.758525
       7.765395
       7.739098
       7.745307
       7.720453
       7.726025
       7.894259
       7.904932
       7.874376
       7.884436
       7.855315
       7.864793
       7.837013
       7.845932
       8.065101
       8.078599
       8.047084
       8.060082
       8.029807
       8.042330
       8.013203
       8.025263
       8.478804
       8.491121
       8.467982
       8.479787
       8.457777
       8.469098
       8.448140
       8.459000
       8.606309
       8.619184
       8.595366
       8.608547
       8.585804
       8.597707
       8.576775
       8.588226
       8.784561
       8.798206
       8.776661
       8.789822
       8.769261
       8.781961
       8.762310
       8.774566
      10.169727
      10.183386
      10.146934
      10.159825
      10.125112
      10.137272
      10.104188
      10.115647
      10.302301
      10.318740
      10.280111
      10.295855
      10.258851
      10.273938
      10.238447
      10.252896
      10.484720
      10.503390
      10.464752
      10.482788
      10.445608
      10.463048
      10.427233
      10.444113
      10.872811
      10.890406
      10.859598
      10.876564
      10.847128
      10.863501
      10.835340
      10.851148
      11.015215
      11.034290
      11.002887
      11.021342
      10.991252
      11.008220
      10.980249
      10.996654
      11.205183
      11.224169
      11.195305
      11.213667
      11.186021
      11.203799
      11.177286
      11.194514
      12.990911
      13.011339
      12.965295
      12.984842
      12.940797
      12.959508
      12.917330
      12.935242
      13.141356
      13.164316
      13.116560
      13.138700
      13.092833
      13.114197
      13.070089
      13.090710
      13.336294
      13.361351
      13.313948
      13.338237
      13.292578
      13.316142
      13.272103
      13.294976
      13.696309
      13.720089
      13.680373
      13.703382
      13.665323
      13.687606
      13.651088
      13.672682
      13.855486
      13.880845
      13.840611
      13.864227
      13.826573
      13.849467
      13.813298
      13.835505
      14.056364
      14.081539
      14.044141
      14.068557
      14.032660
      14.056359
      14.021853
      14.044869
      16.318184
      16.346316
      16.289377
      16.316478
      16.261854
      16.287980
      16.235515
      16.260713
      16.487228
      16.517693
      16.459484
      16.488970
      16.432965
      16.461528
      16.407575
      16.435260
      16.693434
      16.725764
      16.668355
      16.699737
      16.644402
      16.674892
      16.621485
      16.651133
      17.025362
      17.056413
      17.006309
      17.036420
      16.988310
      17.017537
      16.971278
      16.999666
      17.202138
      17.234941
      17.184371
      17.215127
      17.167595
      17.197468
      17.151727
      17.180763
      17.414220
      17.446771
      17.399249
      17.430861
      17.385171
      17.415899
      17.371909
      17.401803
      20.241024
      20.278044
      20.208576
      20.244380
      20.177608
      20.212264
      20.148001
      20.181565
      20.429524
      20.468729
      20.398396
      20.436430
      20.368682
      20.405611
      20.340264
      20.376145
      20.648594
      20.689644
      20.620273
      20.660179
      20.593267
      20.632096
      20.567470
      20.605278
      20.949582
      20.989195
      20.926949
      20.965422
      20.905565
      20.942964
      20.885325
      20.921707
      21.144954
      21.186524
      21.123838
      21.163003
      21.103901
      21.141994
      21.085042
      21.122117
      21.369152
      21.410314
      21.350958
      21.390982
      21.333846
      21.372799
      21.317722
      21.355660
      24.864875
      24.912232
      24.828254
      24.874169
      24.793338
      24.837893
      24.759989
      24.803255
      25.073758
      25.123189
      25.038721
      25.086748
      25.005317
      25.052021
      24.973409
      25.018858
      25.305699
      25.356897
      25.273585
      25.323396
      25.243005
      25.291510
      25.213833
      25.261103
      25.574509
      25.624209
      25.547751
      25.596073
      25.522467
      25.569492
      25.498532
      25.544330
      25.789538
      25.841457
      25.764536
      25.813608
      25.740934
      25.788709
      25.718608
      25.765153
      26.026836
      26.078206
      26.004837
      26.054827
      25.984138
      26.032830
      25.964627
      26.012091
      30.313965
      30.373400
      30.272536
      30.330259
      30.233076
      30.289184
      30.195424
      30.250002
      30.544399
      30.605835
      30.504814
      30.564569
      30.467122
      30.525293
      30.431160
      30.487830
      30.791488
      30.854709
      30.754903
      30.816460
      30.720110
      30.780100
      30.686960
      30.745468
      31.024431
      31.086018
      30.992904
      31.052833
      30.963114
      31.021483
      30.934913
      30.991807
      31.260398
      31.324512
      31.230864
      31.291606
      31.202989
      31.262169
      31.176626
      31.234326
      31.512547
      31.575879
      31.486090
      31.547763
      31.461193
      31.521304
      31.437719
      31.496352
      36.734590
      36.808178
      36.687603
      36.759156
      36.642892
      36.712528
      36.600270
      36.668089
      36.987975
      37.063524
      36.943082
      37.016619
      36.900383
      36.972026
      36.859691
      36.929544
      37.251388
      37.328719
      37.209549
      37.284882
      37.169809
      37.243258
      37.131988
      37.203658
      37.445691
      37.521287
      37.408637
      37.482245
      37.373628
      37.445365
      37.340488
      37.410457
      37.704121
      37.782622
      37.669289
      37.745795
      37.636417
      37.709031
      37.605334
      37.676177
      37.972983
      38.050460
      37.941261
      38.016746
      37.911404
      37.985012
      37.883247
      37.955082
      44.299040
      44.389244
      44.245607
      44.333394
      44.194812
      44.280319
      44.146432
      44.229784
      44.577221
      44.669374
      44.526110
      44.615862
      44.477549
      44.565041
      44.431322
      44.516681
      44.860114
      44.954085
      44.812087
      44.903671
      44.766515
      44.855852
      44.723189
      44.810401
      45.010616
      45.102721
      44.967141
      45.056870
      44.926072
      45.013563
      44.887200
      44.972577
      45.293450
      45.388899
      45.252407
      45.345469
      45.213681
      45.302120
      45.177070
      45.263393
      45.581785
      45.675867
      45.543886
      45.635586
      45.508209
      45.597666
      45.474557
      45.561895
      53.210198
      53.319935
      53.149271
      53.256136
      53.091403
      53.195562
      53.036335
      53.137936
      53.515501
      53.627199
      53.457096
      53.565935
      53.401662
      53.507809
      53.348945
      53.452553
      53.820314
      53.933872
      53.765007
      53.875716
      53.712580
      53.820605
      53.662784
      53.768274
      53.922123
      54.033682
      53.871173
      53.979897
      53.823050
      53.929106
      53.777509
      53.881043
      54.231789
      54.347221
      54.183456
      54.296039
      54.137860
      54.244939
      54.094764
      54.199319
      54.542552
      54.656242
      54.497362
      54.608209
      54.454818
      54.562987
      54.414685
      54.520324
      63.707008
      63.839722
      63.637343
      63.766649
      63.571232
      63.697327
      63.508373
      63.631434
      64.042486
      64.177199
      63.975508
      64.106821
      63.911997
      64.040109
      63.851655
      63.976748
      64.373519
      64.510139
      64.309635
      64.442867
      64.249127
      64.379167
      64.191700
      64.318726
      64.419181
      64.553661
      64.359507
      64.490614
      64.303157
      64.431086
      64.249840
      64.374767
      64.758807
      64.897777
      64.701903
      64.837482
      64.648233
      64.777265
      64.597514
      64.723544
      65.096009
      65.232740
      65.042251
      65.175599
      64.991635
      65.121796
      64.943881
      65.071033
      76.070869
      76.230626
      75.990993
      76.146709
      75.915255
      76.067164
      75.843298
      75.991611
      76.440362
      76.602175
      76.363302
      76.521078
      76.290293
      76.444269
      76.220985
      76.371378
      76.801522
      76.965317
      76.727547
      76.887313
      76.657536
      76.813506
      76.591141
      76.743527
      76.783214
      76.944699
      76.713340
      76.870816
      76.647373
      76.801073
      76.584969
      76.735103
      77.156710
      77.323423
      77.089725
      77.252406
      77.026558
      77.181448
      76.966875
      77.118197
      77.524681
      77.688600
      77.460820
      77.620716
      77.400690
      77.556797
      77.343956
      77.496484
      90.633222
      90.824817
      90.541390
      90.728198
      90.454382
      90.636679
      90.371779
      90.549817
      91.041598
      91.235325
      90.952670
      91.141610
      90.868482
      91.052916
      90.788623
      90.968809
      91.438701
      91.634476
      91.352831
      91.543829
      91.271614
      91.458111
      91.194640
      91.376887
      91.345683
      91.538980
      91.263861
      91.452400
      91.186632
      91.370690
      91.113590
      91.293417
      91.757961
      91.957351
      91.679109
      91.873716
      91.604765
      91.790107
      91.534531
      91.715640
      92.162325
      92.358212
      92.086579
      92.277693
      92.015251
      92.201870
      91.947946
      92.130320
     107.784435
     108.013520
     107.678580
     107.901998
     107.578357
     107.796436
     107.483274
     107.696311
     108.237656
     108.468968
     108.134760
     108.360402
     108.037414
     108.257718
     107.945136
     108.160408
     108.676479
     108.909945
     108.576618
     108.804419
     108.482223
     108.704687
     108.392811
     108.610236
     108.496974
     108.727742
     108.401134
     108.626264
     108.310695
     108.530514
     108.225178
     108.439983
     108.954035
     109.191930
     108.861215
     109.093439
     108.773713
     108.994922
     108.691060
     108.907252
     109.400951
     109.634537
     109.311200
     109.539127
     109.226683
     109.449279
     109.146929
     109.364492
     127.984307
     128.257541
     127.861983
     128.128513
     127.746242
     128.006456
     127.636506
     127.890757
     128.489685
     128.765259
     128.370340
     128.639204
     128.257500
     128.520047
     128.150597
     128.407189
     128.978116
     129.255938
     128.861758
     129.132876
     128.751823
     129.016625
     128.647742
     128.906580
     128.696897
     128.971802
     128.584592
     128.852821
     128.478638
     128.740579
     128.378472
     128.634476
     129.206074
     129.489319
     129.096806
     129.373337
     128.993811
     129.257257
     128.896533
     129.154040
     129.703327
     129.981263
     129.597088
     129.868325
     129.497039
     129.761964
     129.402622
     129.661589
     151.774388
     152.099613
     151.632703
     151.950004
     151.498721
     151.808557
     151.371765
     151.674551
     152.340686
     152.668389
     152.201974
     152.521741
     152.070892
     152.383189
     151.946771
     152.252024
     152.887012
     153.223388
     152.751245
     153.073406
     152.623033
     152.937720
     152.501700
     152.809329
     152.487012
     152.813901
     152.355347
     152.674339
     152.231155
     152.542708
     152.113770
     152.418299
     153.057087
     153.393763
     152.928452
     153.257184
     152.807214
     153.120407
     152.692718
     152.998883
     153.613341
     153.943556
     153.487682
     153.809969
     153.369343
     153.684162
     153.257664
     153.565431
     179.792529
     180.178986
     179.628067
     180.005160
     179.472628
     179.840900
     179.325415
     179.685360
     180.430266
     180.819359
     180.268745
     180.648459
     180.116178
     180.487063
     179.971777
     180.334339
     181.045245
     181.444284
     180.886598
     181.268841
     180.736832
     181.110240
     180.595155
     180.960223
     180.505177
     180.893291
     180.350736
     180.729514
     180.205088
     180.575072
     180.067448
     180.429130
     181.146676
     181.546280
     180.995231
     181.385446
     180.852508
     181.224288
     180.717733
     181.081204
     181.772678
     182.164416
     181.624146
     182.006510
     181.484260
     181.857796
     181.352242
     181.717445
     212.789961
     213.248528
     212.598691
     213.046202
     212.418001
     212.855094
     212.246950
     212.674210
     213.511597
     213.972990
     213.323217
     213.773532
     213.145350
     213.585236
     212.977069
     213.407122
     214.206944
     214.679964
     214.021382
     214.483287
     213.846258
     214.288848
     213.680648
     214.113387
     213.502624
     213.962845
     213.321378
     213.770567
     213.150477
     213.589277
     212.989001
     213.417992
     214.228016
     214.701751
     214.049712
     214.512355
     213.881689
     214.322467
     213.723034
     214.153994
     214.935885
     215.400128
     214.760425
     215.213587
     214.595172
     215.037899
     214.439210
     214.872091
     251.651475
     252.194969
     251.428645
     251.959087
     251.218224
     251.736371
     251.019111
     251.525651
     252.471799
     253.018338
     252.251784
     252.785244
     252.044120
     252.565268
     251.847714
     252.357252
     253.262235
     253.822217
     253.044950
     253.591818
     252.839944
     253.363990
     252.646127
     253.158538
     252.364154
     252.909298
     252.151347
     252.683465
     251.950717
     252.470567
     251.761177
     252.269445
     253.188225
     253.749270
     252.978287
     253.526233
     252.780467
     253.302504
     252.593686
     253.104128
     253.992777
     254.542362
     253.785598
     254.322101
     253.590466
     254.114648
     253.406304
     253.918858
     297.419086
     298.062594
     297.159095
     297.787200
     296.913671
     297.527269
     296.681516
     297.281417
     298.355540
     299.002358
     298.098272
     298.729654
     297.855518
     298.472368
     297.625991
     298.229137
     299.257522
     299.920089
     299.002900
     299.649985
     298.762730
     299.395233
     298.535733
     299.142001
     298.131771
     298.776926
     297.881802
     298.511580
     297.646169
     298.261466
     297.423588
     298.025214
     299.071973
     299.735860
     298.824782
     299.473209
     298.591872
     299.209610
     298.371970
     298.976019
     299.990122
     300.640257
     299.745595
     300.380288
     299.515288
     300.135438
     299.285469
     299.904355
     351.320079
     352.081384
     351.016324
     351.759460
     350.729677
     351.455699
     350.458611
     351.168477
     352.393244
     353.158157
     352.092101
     352.838804
     351.808020
     352.537579
     351.539483
     352.252874
     353.441833
     354.210241
     353.128378
     353.893350
     352.846759
     353.594537
     352.580645
     353.297417
     352.032779
     352.795729
     351.739048
     352.483856
     351.462193
     352.189913
     351.200702
     351.912290
     353.109683
     353.894693
     352.818616
     353.585388
     352.544380
     353.274826
     352.285471
     352.999761
     354.161890
     354.930395
     353.873355
     354.623643
     353.601600
     354.334733
     353.330377
     354.062065
     414.799692
     415.699702
     414.444403
     415.322984
     414.109215
     414.967611
     413.792331
     414.631673
     416.033868
     416.937862
     415.681053
     416.563572
     415.348302
     416.210597
     415.033826
     415.877047
     417.240087
     418.147943
     416.872018
     417.775974
     416.541618
     417.425286
     416.229464
     417.093965
     415.512386
     416.414038
     415.167119
     416.047369
     414.841722
     415.701813
     414.534411
     415.375473
     416.750313
     417.677980
     416.407575
     417.313727
     416.084667
     416.947846
     415.779816
     416.623935
     417.960152
     418.868110
     417.619813
     418.506282
     417.299267
     418.165495
     416.979205
     417.843862
     489.560350
     490.623771
     489.144363
     490.182518
     488.751999
     489.766357
     488.381142
     489.373036
     490.984032
     492.051834
     490.570364
     491.612838
     490.180295
     491.198923
     489.811718
     490.807851
     492.376137
     493.448196
     491.943834
     493.011348
     491.555954
     492.599549
     491.189548
     492.210558
     490.273078
     491.338139
     489.867113
     490.906937
     489.484542
     490.500595
     489.123261
     490.116872
     491.700484
     492.796180
     491.296894
     492.367221
     490.916670
     491.936181
     490.557718
     491.554749
     493.096200
     494.168358
     492.694838
     493.741650
     492.316812
     493.339755
     491.939288
     492.960446
     577.606251
     578.861995
     577.118791
     578.344747
     576.659111
     577.857009
     576.224718
     577.396126
     579.253366
     580.546016
     578.768014
     579.998847
     578.310430
     579.513146
     577.878123
     579.054312
     580.864265
     582.129740
     580.356226
     581.616488
     579.900668
     581.132721
     579.470380
     580.675796
     578.318936
     579.576319
     577.841497
     579.069117
     577.391605
     578.591192
     576.966785
     578.139909
     579.969815
     581.263371
     579.494541
     580.758185
     579.046800
     580.250397
     578.624118
     579.801204
     581.584339
     582.849912
     581.111119
     582.346801
     580.665405
     581.872935
     580.220129
     581.425695
     681.299493
     682.782012
     680.727831
     682.175245
     680.188828
     681.603175
     679.679551
     681.062682
     683.209162
     684.734931
     682.639430
     684.092151
     682.102367
     683.521950
     681.595041
     682.983358
     685.077968
     686.571200
     684.509955
     685.967938
     683.945478
     685.399379
     683.439909
     684.862429
     682.012269
     683.496429
     681.450634
     682.899714
     680.921427
     682.337467
     680.421729
     681.806577
     683.925627
     685.452304
     683.365976
     684.857404
     682.838760
     684.259224
     682.341062
     683.730276
     685.798044
     687.291370
     685.240168
     686.698247
     684.714701
     686.139595
     684.189666
     685.612330
     803.418010
     805.167008
     802.747249
     804.454857
     802.114923
     803.783547
     801.517581
     803.149404
     805.638192
     807.438296
     804.968980
     806.682875
     804.338207
     806.013032
     803.742428
     805.380387
     807.811675
     809.573149
     807.143866
     808.863779
     806.480037
     808.195280
     805.885762
     807.564011
     804.130634
     805.881264
     803.469886
     805.179153
     802.847344
     804.517650
     802.259566
     803.893097
     806.354636
     808.155644
     805.695499
     807.454927
     805.074567
     806.750270
     804.488408
     806.127260
     808.531771
     810.293338
     807.874087
     809.594100
     807.254615
     808.935507
     806.635531
     808.313918
     947.242332
     949.306456
     946.454690
     948.470072
     945.712220
     947.681685
     945.010857
     946.936975
     949.825628
     951.949364
     949.039502
     951.061349
     948.298624
     950.274457
     947.598910
     949.531322
     952.359630
     954.436973
     951.573852
     953.602230
     950.792775
     952.815722
     950.093744
     952.073121
     947.955250
     950.021017
     947.177647
     949.194700
     946.444985
     948.416146
     945.753211
     947.681056
     950.542131
     952.666774
     949.766094
     951.841822
     949.035067
     951.011784
     948.344992
     950.278300
     953.079780
     955.157202
     952.304124
     954.332592
     951.573616
     953.555986
     950.843559
     952.823064
    1116.615845
    1119.048281
    1115.690964
    1118.065904
    1114.819357
    1117.140146
    1113.996225
    1116.265905
    1119.632914
    1122.136406
    1118.708270
    1121.091873
    1117.836925
    1120.166222
    1117.014116
    1119.292186
    1122.606589
    1125.055724
    1121.679981
    1124.071432
    1120.759423
    1123.144359
    1119.935694
    1122.269296
    1117.328222
    1119.762282
    1116.413336
    1118.789921
    1115.551495
    1117.873950
    1114.737909
    1117.009282
    1120.349317
    1122.853710
    1119.434732
    1121.881275
    1118.573206
    1120.903369
    1117.759999
    1120.038950
    1123.326914
    1125.776087
    1122.410403
    1124.801905
    1121.547523
    1123.884717
    1120.685616
    1123.019318
    1316.110856
    1318.983157
    1315.023103
    1317.827774
    1313.997777
    1316.738731
    1313.029275
    1315.710070
    1319.630135
    1322.584267
    1318.543900
    1321.430369
    1317.520325
    1320.268436
    1316.553703
    1319.241587
    1323.158860
    1326.045396
    1322.059673
    1324.878378
    1320.969862
    1323.780349
    1319.994557
    1322.744820
    1316.824267
    1319.698227
    1315.746587
    1318.552947
    1314.731104
    1317.473770
    1313.772219
    1316.454755
    1320.346815
    1323.301840
    1319.270697
    1322.158097
    1318.257014
    1321.006013
    1317.300062
    1319.988849
    1323.879806
    1326.766245
    1322.790648
    1325.609290
    1321.766325
    1324.521108
    1320.744955
    1323.495205
    1551.009619
    1554.386727
    1549.733298
    1553.030525
    1548.531109
    1551.753132
    1547.396286
    1550.547367
    1555.148295
    1558.624024
    1553.865495
    1557.260310
    1552.657525
    1555.892451
    1551.517782
    1554.681543
    1559.521073
    1562.920720
    1558.197439
    1561.517350
    1556.892906
    1560.199391
    1555.722444
    1558.958392
    1551.721119
    1555.099804
    1550.454725
    1553.753556
    1549.262244
    1552.485902
    1548.136927
    1551.289658
    1555.864551
    1559.341124
    1554.591698
    1557.987382
    1553.393460
    1556.629193
    1552.263225
    1555.427814
    1560.243642
    1563.642819
    1558.929867
    1562.249378
    1557.696751
    1560.941142
    1556.474011
    1559.709645
    1827.771895
    1831.772019
    1826.261908
    1830.168252
    1824.838303
    1828.656239
    1823.493538
    1827.227959
    1832.641092
    1836.752659
    1831.133869
    1835.153139
    1829.712363
    1833.535633
    1828.368994
    1832.108955
    1838.339774
    1842.342694
    1836.721314
    1840.630481
    1835.203232
    1839.024074
    1833.711614
    1837.513306
    1828.487118
    1832.488932
    1826.987281
    1830.895353
    1825.573587
    1829.393269
    1824.238489
    1827.974687
    1833.358821
    1837.471224
    1831.861873
    1835.882024
    1830.450404
    1834.274552
    1829.116831
    1832.857679
    1839.065436
    1843.067264
    1837.456771
    1841.364926
    1835.948273
    1839.768180
    1834.466120
    1838.266881
    2153.470513
    2158.141247
    2151.719225
    2156.279375
    2150.069969
    2154.526119
    2148.513019
    2152.871096
    2159.239520
    2164.039496
    2157.454291
    2162.139431
    2155.778983
    2160.258395
    2154.202181
    2158.582379
    2167.390066
    2172.106932
    2165.419072
    2170.024193
    2163.564351
    2168.064241
    2161.816036
    2166.216690
    2154.178737
    2158.850960
    2152.437323
    2156.998964
    2150.797741
    2155.255406
    2149.250284
    2153.609887
    2159.954463
    2164.755130
    2158.178811
    2162.864665
    2156.512947
    2160.993004
    2154.945421
    2159.326295
    2168.118750
    2172.833862
    2166.157686
    2170.761085
    2164.312611
    2168.810839
    2162.573781
    2166.972762
    2537.711838
    2543.320504
    2535.550535
    2541.026452
    2533.523168
    2538.874025
    2531.616560
    2536.849239
    2545.079503
    2550.842917
    2542.833957
    2548.474288
    2540.730844
    2546.070808
    2538.758691
    2543.984309
    2555.580353
    2561.133330
    2553.259735
    2558.684393
    2551.068210
    2556.371926
    2548.995009
    2554.184412
    2538.434504
    2544.044745
    2536.282982
    2541.760614
    2534.265187
    2539.617878
    2532.367948
    2537.602579
    2545.806121
    2551.569026
    2543.570417
    2549.210607
    2541.476908
    2547.000739
    2539.514133
    2544.740097
    2556.309625
    2561.860116
    2553.999565
    2559.421770
    2551.818325
    2557.119627
    2549.755107
    2554.942163
    2988.735708
    2995.018564
    2986.533930
    2992.694334
    2984.392941
    2990.431717
    2982.326848
    2988.249202
    2994.271101
    3000.000000
    2992.960664
    2999.080849
    2991.409078
    2997.435544
    2989.725937
    2995.643603
    2975.354639
    2975.770445
    2979.359611
    2980.989945
    2982.470417
    2985.165304
    2984.721734
    2988.259689
    2989.426587
    2995.711202
    2987.238062
    2993.399563
    2985.109193
    2991.148592
    2983.054329
    2988.976986
    2994.932023
    3000.000000
    2993.646080
    2999.772457
    2992.114072
    2998.144831
    2990.447295
    2996.368082
    2975.522101
    2975.985220
    2979.634685
    2981.304120
    2982.846156
    2985.575409
    2985.185439
    2988.754461
