     -40.233128
     -43.471370
     -38.993719
     -38.088354
     -38.183497
     -36.899075
     -37.538603
     -36.043332
     -46.252000
     -49.455293
     -44.990214
     -44.048620
     -44.160716
     -42.841061
     -43.497905
     -41.967705
     -54.174226
     -57.336320
     -52.891851
     -51.908098
     -52.044746
     -50.683958
     -51.365495
     -49.794415
     -29.660818
     -29.350499
     -29.323121
     -29.011100
     -29.003158
     -28.693805
     -28.698414
     -28.390986
     -35.602156
     -35.281284
     -35.247192
     -34.925672
     -34.910563
     -34.591826
     -34.589619
     -34.272828
     -43.405871
     -43.078875
     -43.035856
     -42.709725
     -42.684726
     -42.361429
     -42.349517
     -42.027997
     -34.140502
     -32.639245
     -33.623629
     -32.003131
     -33.220902
     -31.622935
     -32.866061
     -31.263425
     -40.130654
     -38.597554
     -39.595753
     -37.945270
     -39.175895
     -37.548499
     -38.804554
     -37.172819
     -48.012156
     -46.440448
     -47.461819
     -45.775695
     -47.027096
     -45.364730
     -46.641210
     -44.974904
     -28.819345
     -28.521298
     -28.509407
     -28.223778
     -28.210236
     -27.926942
     -27.923053
     -27.642414
     -34.739211
     -34.432470
     -34.411942
     -34.117524
     -34.096327
     -33.804263
     -33.793227
     -33.503678
     -42.495528
     -42.185702
     -42.153362
     -41.855057
     -41.823868
     -41.527792
     -41.507238
     -41.213250
     -31.474076
     -30.143744
     -31.166745
     -29.920919
     -30.873425
     -29.640403
     -30.595234
     -29.368175
     -37.436036
     -36.077720
     -37.112309
     -35.839765
     -36.802860
     -35.543288
     -36.508925
     -35.255504
     -45.269991
     -43.876139
     -44.933102
     -43.626855
     -44.610314
     -43.317222
     -44.303071
     -43.016377
     -28.004234
     -27.748888
     -27.707045
     -27.449794
     -27.421044
     -27.164309
     -27.146241
     -26.890630
     -33.890988
     -33.626258
     -33.577088
     -33.310463
     -33.275301
     -33.009254
     -32.985230
     -32.720165
     -41.571954
     -41.301379
     -41.245097
     -40.972622
     -40.931189
     -40.659330
     -40.629264
     -40.358100
     -29.978542
     -28.927149
     -29.695917
     -28.679175
     -29.423209
     -28.407111
     -29.162165
     -28.146885
     -35.912286
     -34.846508
     -35.613381
     -34.572531
     -35.325040
     -34.284618
     -35.048778
     -34.009038
     -43.690030
     -42.612716
     -43.378433
     -42.304179
     -43.077924
     -42.003857
     -42.789588
     -41.716044
     -27.091509
     -26.845403
     -26.813768
     -26.569810
     -26.543754
     -26.300089
     -26.283434
     -26.041481
     -32.937208
     -32.681021
     -32.643020
     -32.389376
     -32.358014
     -32.104951
     -32.083266
     -31.831659
     -40.520925
     -40.258552
     -40.215544
     -39.955355
     -39.920622
     -39.661207
     -39.636201
     -39.377846
     -28.610371
     -27.725649
     -28.349182
     -27.474061
     -28.094781
     -27.219071
     -27.849937
     -26.975018
     -34.504732
     -33.593516
     -34.227438
     -33.324557
     -33.958248
     -33.055202
     -33.699083
     -32.796749
     -42.197049
     -41.244789
     -41.908244
     -40.960934
     -41.629083
     -40.682517
     -41.360091
     -40.414340
     -26.125594
     -25.894846
     -25.859449
     -25.629704
     -25.603553
     -25.374684
     -25.357004
     -25.128855
     -31.910243
     -31.669987
     -31.629865
     -31.390350
     -31.360478
     -31.121912
     -31.100815
     -30.862849
     -39.351564
     -39.103485
     -39.065557
     -38.817788
     -38.790170
     -38.543197
     -38.524305
     -38.277903
     -27.274705
     -26.506134
     -27.029464
     -26.259671
     -26.791741
     -26.021075
     -26.562422
     -25.791432
     -33.110337
     -32.309576
     -32.850905
     -32.049049
     -32.599917
     -31.797654
     -32.357703
     -31.555276
     -40.670250
     -39.810221
     -40.404325
     -39.544224
     -40.147275
     -39.287811
     -39.898868
     -39.040000
     -25.023180
     -24.803889
     -24.776871
     -24.557905
     -24.538472
     -24.320097
     -24.308056
     -24.090591
     -30.734387
     -30.503931
     -30.476353
     -30.246305
     -30.226313
     -29.996870
     -29.984476
     -29.756045
     -37.999836
     -37.758961
     -37.740324
     -37.500198
     -37.488693
     -37.249219
     -37.244895
     -37.006286
     -25.875330
     -25.174805
     -25.648970
     -24.948105
     -25.429473
     -24.728276
     -25.217181
     -24.515962
     -31.633280
     -30.895464
     -31.395253
     -30.657679
     -31.164535
     -30.427097
     -30.941255
     -30.204166
     -39.008304
     -38.197020
     -38.769804
     -37.960151
     -38.538442
     -37.730148
     -38.314030
     -37.507035
     -23.813020
     -23.600778
     -23.584982
     -23.373461
     -23.364300
     -23.153555
     -23.150701
     -22.940817
     -29.432369
     -29.208831
     -29.194376
     -28.971862
     -28.964321
     -28.742731
     -28.741529
     -28.520696
     -36.458753
     -36.224283
     -36.226319
     -35.992726
     -36.000930
     -35.768178
     -35.781932
     -35.549826
     -24.377482
     -23.729136
     -24.171549
     -23.522984
     -23.971719
     -23.323149
     -23.777965
     -23.129488
     -30.030177
     -29.339574
     -29.815753
     -29.125679
     -29.607681
     -28.918219
     -29.405717
     -28.716781
     -37.147597
     -36.369154
     -36.941027
     -36.164498
     -36.739740
     -35.965046
     -36.543522
     -35.770481
     -22.453170
     -22.247689
     -22.246507
     -22.041854
     -22.046047
     -21.842235
     -21.851495
     -21.648512
     -27.939625
     -27.722741
     -27.727574
     -27.511482
     -27.521385
     -27.306127
     -27.320893
     -27.106513
     -34.670008
     -34.441140
     -34.471551
     -34.243309
     -34.277325
     -34.049758
     -34.087429
     -33.860662
     -22.737823
     -22.127788
     -22.555264
     -21.945579
     -22.377612
     -21.768290
     -22.204744
     -21.595761
     -28.246485
     -27.588473
     -28.059954
     -27.402956
     -27.878035
     -27.221972
     -27.700622
     -27.045437
     -35.026691
     -34.270677
     -34.857854
     -34.104019
     -34.691819
     -33.939991
     -34.528646
     -33.778713
     -20.924313
     -20.724397
     -20.741576
     -20.542558
     -20.563607
     -20.365472
     -20.390231
     -20.192960
     -26.256202
     -26.044427
     -26.071783
     -25.860948
     -25.891715
     -25.681777
     -25.715837
     -25.506757
     -32.614293
     -32.390304
     -32.452730
     -32.229565
     -32.293532
     -32.071111
     -32.136635
     -31.914861
     -20.922570
     -20.343319
     -20.766495
     -20.187854
     -20.613786
     -20.035710
     -20.464402
     -19.886840
     -26.247437
     -25.616695
     -26.092672
     -25.463131
     -25.940586
     -25.312151
     -25.791204
     -25.163782
     -32.594115
     -31.857592
     -32.468756
     -31.734337
     -32.343481
     -31.611027
     -32.218574
     -31.487965
     -19.204796
     -19.009848
     -19.048682
     -18.854675
     -18.895753
     -18.702654
     -18.745962
     -18.553743
     -24.334428
     -24.127877
     -24.182474
     -23.976821
     -24.032777
     -23.827993
     -23.885409
     -23.681477
     -30.234407
     -30.016073
     -30.116421
     -29.898641
     -29.997758
     -29.780561
     -29.878871
     -29.662329
     -18.901119
     -18.348438
     -18.774768
     -18.222809
     -18.650006
     -18.098702
     -18.526933
     -17.976227
     -23.988790
     -23.380945
     -23.870533
     -23.263967
     -23.752656
     -23.147263
     -23.635401
     -23.031098
     -29.800428
     -29.083267
     -29.724530
     -29.009219
     -29.645624
     -28.932037
     -29.564299
     -28.852359
     -17.269265
     -17.079113
     -17.142854
     -16.953651
     -17.017841
     -16.829546
     -16.894341
     -16.706928
     -22.148061
     -21.946580
     -22.032336
     -21.831725
     -21.916628
     -21.716860
     -21.801205
     -21.602258
     -27.501169
     -27.288571
     -27.431392
     -27.219386
     -27.358163
     -27.146699
     -27.282055
     -27.071116
     -16.643150
     -16.114682
     -16.549981
     -16.022250
     -16.456401
     -15.929334
     -16.362692
     -15.836238
     -21.431957
     -20.845793
     -21.354934
     -20.769965
     -21.275725
     -20.691852
     -21.194812
     -20.611959
     -26.595215
     -25.898582
     -26.575114
     -25.880010
     -26.548582
     -25.854900
     -26.516530
     -25.824216
     -15.091298
     -14.905967
     -14.997898
     -14.813502
     -14.903916
     -14.720410
     -14.809649
     -14.627012
     -19.658824
     -19.462711
     -19.584087
     -19.388796
     -19.506825
     -19.312317
     -19.427566
     -19.233820
     -24.356009
     -24.150102
     -24.341209
     -24.135695
     -24.319475
     -24.114354
     -24.291793
     -24.087126
     -14.118397
     -13.612914
     -14.062037
     -13.557240
     -14.003060
     -13.498880
     -13.941954
     -13.438350
     -18.535576
     -17.970633
     -18.504887
     -17.941001
     -18.469173
     -17.906248
     -18.429194
     -17.867189
     -22.931148
     -22.257171
     -22.973145
     -22.300313
     -23.004973
     -22.333194
     -23.027886
     -22.357142
     -12.642961
     -12.462626
     -12.586096
     -12.406666
     -12.526474
     -12.347903
     -12.464595
     -12.286867
     -16.829099
     -16.638748
     -16.800183
     -16.610596
     -16.765978
     -16.577093
     -16.727276
     -16.539107
     -20.761483
     -20.562794
     -20.807468
     -20.609107
     -20.842941
     -20.644877
     -20.869168
     -20.671439
     -11.296242
     -10.813182
     -11.280455
     -10.797988
     -11.259650
     -10.777712
     -11.234533
     -10.753100
     -15.258087
     -14.714755
     -15.278986
     -14.736507
     -15.291757
     -14.750047
     -15.297464
     -14.756522
     -18.753900
     -18.104343
     -18.864786
     -18.215984
     -18.961409
     -18.313286
     -19.045401
     -18.397972
      -9.895115
      -9.720046
      -9.878478
      -9.704273
      -9.856717
      -9.683326
      -9.830549
      -9.657966
     -13.618920
     -13.434838
     -13.640988
     -13.457586
     -13.654715
     -13.471925
     -13.661190
     -13.479054
     -16.656869
     -16.466263
     -16.770583
     -16.580149
     -16.869732
     -16.679453
     -16.955982
     -16.765932
      -8.145787
      -7.684986
      -8.174419
      -7.714091
      -8.195439
      -7.735526
      -8.209793
      -7.750285
     -11.557671
     -11.036747
     -11.635480
     -11.115171
     -11.701803
     -11.182034
     -11.758019
     -11.238820
     -14.015710
     -13.393025
     -14.201964
     -13.579618
     -14.369572
     -13.747503
     -14.520558
     -13.898811
      -6.817814
      -6.648338
      -6.845198
      -6.676537
      -6.864902
      -6.697004
      -6.877876
      -6.710743
      -9.987752
      -9.810478
     -10.066002
      -9.889319
     -10.132613
      -9.956448
     -10.188979
     -10.013393
     -12.000055
     -11.818240
     -12.187815
     -12.006062
     -12.356728
     -12.175009
     -12.508832
     -12.327224
      -4.636197
      -4.197731
      -4.713089
      -4.274959
      -4.779602
      -4.341753
      -4.836927
      -4.399367
      -7.392937
      -6.895446
      -7.532874
      -7.035733
      -7.657736
      -7.160880
      -7.769231
      -7.272720
      -8.660786
      -8.066761
      -8.929117
      -8.335021
      -9.174112
      -8.579899
      -9.398215
      -8.803961
      -3.380824
      -3.217301
      -3.456037
      -3.293272
      -3.520837
      -3.358777
      -3.576420
      -3.415076
      -5.894849
      -5.724933
      -6.034421
      -5.865007
      -6.158824
      -5.989831
      -6.269777
      -6.101281
      -6.730799
      -6.558548
      -6.999359
      -6.827031
      -7.244455
      -7.072023
      -7.468543
      -7.296106
      -0.737337
      -0.321418
      -0.866220
      -0.450487
      -0.981799
      -0.566203
      -1.085522
      -0.670087
      -2.724268
      -2.251342
      -2.931263
      -2.458410
      -3.119397
      -2.646559
      -3.290723
      -2.817992
      -2.644967
      -2.081906
      -3.001338
      -2.437796
      -3.329464
      -2.765408
      -3.632217
      -3.067752
       0.445620
       0.602824
       0.318868
       0.475373
       0.205418
       0.361279
       0.103821
       0.259018
      -1.301019
      -1.138999
      -1.506802
      -1.345198
      -1.693685
      -1.532400
      -1.863731
      -1.702863
      -0.808199
      -0.646217
      -1.163517
      -1.001340
      -1.490540
      -1.328134
      -1.792142
      -1.629617
       3.579385
       3.972492
       3.395020
       3.788093
       3.227014
       3.620098
       3.073653
       3.466709
       2.485097
       2.932352
       2.206567
       2.654026
       1.950842
       2.398558
       1.715507
       2.163352
       4.082546
       4.613107
       3.632359
       4.163783
       3.215525
       3.747838
       2.828736
       3.361802
       4.689929
       4.840462
       4.508153
       4.658046
       4.342698
       4.492011
       4.191855
       4.340557
       3.830515
       3.984146
       3.554046
       3.707342
       3.300368
       3.453445
       3.067061
       3.219795
       5.821973
       5.973046
       5.374060
       5.525450
       4.959481
       5.111225
       4.574929
       4.726901
       8.339957
       8.709996
       8.097009
       8.467163
       7.873565
       8.243877
       7.667645
       8.038061
       8.267252
       8.687841
       7.913376
       8.334425
       7.586341
       8.007904
       7.283380
       7.705303
      11.555764
      12.052036
      11.007232
      11.504723
      10.497261
      10.995991
      10.022108
      10.521916
       9.378070
       9.521613
       9.138156
       9.281116
       8.917677
       9.060117
       8.714660
       8.856542
       9.532051
       9.676873
       9.181051
       9.325603
       8.856828
       9.001249
       8.556617
       8.700772
      13.192161
      13.331773
      12.647030
      12.787061
      12.140382
      12.280876
      11.668479
      11.809301
      13.566640
      13.913424
      13.262545
      13.609583
      12.981149
      13.328481
      12.720205
      13.067765
      14.648589
      15.041722
      14.216369
      14.610186
      13.815059
      14.209620
      13.441554
      13.836695
      19.812977
      20.273987
      19.162171
      19.624709
      18.555192
      19.019274
      17.987865
      18.453310
      14.532433
      14.668721
      14.231788
      14.367545
      13.953744
      14.089037
      13.696065
      13.830850
      15.830546
      15.966226
      15.401947
      15.537404
      15.004152
      15.139549
      14.634062
      14.769271
      21.343624
      21.471348
      20.697227
      20.825462
      20.094524
      20.223324
      19.531353
      19.660569
      19.276788
      19.600252
      18.909668
      19.233507
      18.568440
      18.892694
      18.250602
      18.575194
      21.648088
      22.013237
      21.135520
      21.501537
      20.657902
      21.024860
      20.211807
      20.579544
      28.871496
      29.296281
      28.116180
      28.542751
      27.409902
      27.838277
      26.748073
      27.178055
      20.170636
      20.299477
      19.807335
      19.935689
      19.469805
      19.597744
      19.155555
      19.283028
      22.745690
      22.872002
      22.237390
      22.363507
      21.763901
      21.890012
      21.321806
      21.447803
      30.293304
      30.408858
      29.543239
      29.659374
      28.842045
      28.958824
      28.185143
      28.302410
      25.481861
      25.782108
      25.050642
      25.351360
      24.648457
      24.949688
      24.272556
      24.574217
      29.276947
      29.613917
      28.683081
      29.021055
      28.128119
      28.467190
      27.608335
      27.948351
      38.750759
      39.139161
      37.889555
      38.279940
      37.082508
      37.474897
      36.324629
      36.718814
      26.304539
      26.425827
      25.877443
      25.998277
      25.479242
      25.599701
      25.107201
      25.227229
      30.289645
      30.406485
      29.700569
      29.817220
      29.150235
      29.266918
      28.634928
      28.751562
      40.063320
      40.166565
      39.208040
      39.311921
      38.406718
      38.511307
      37.654380
      37.759515
      32.186656
      32.463989
      31.691143
      31.969014
      31.227707
      31.506164
      30.793366
      31.072321
      37.537571
      37.846511
      36.862580
      37.172611
      36.230308
      36.541548
      35.636751
      35.949067
      49.447214
      49.799264
      48.480660
      48.834827
      47.573179
      47.929494
      46.719409
      47.077655
      32.939434
      33.053160
      32.448270
      32.561565
      31.989034
      32.101982
      31.558757
      31.671300
      38.465805
      38.573197
      37.795992
      37.903179
      37.168721
      37.275959
      36.579999
      36.687244
      50.650471
      50.741455
      49.690317
      49.781966
      48.789022
      48.881419
      47.941241
      48.034219
      39.388968
      39.643911
      38.829868
      39.085386
      38.305747
      38.561894
      37.813408
      38.070093
      46.424063
      46.705480
      45.669193
      45.951738
      44.960672
      45.244490
      44.294241
      44.579231
      60.958451
      61.274889
      59.887953
      60.206580
      58.881221
      59.202077
      57.932549
      58.255413
      40.073685
      40.179942
      39.519074
      39.624910
      38.999288
      39.104793
      38.511140
      38.616255
      47.269347
      47.367439
      46.519901
      46.617749
      45.816617
      45.914517
      45.155252
      45.253207
      62.054647
      62.133548
      60.990838
      61.070416
      59.990573
      60.070923
      59.048161
      59.129113
      47.079644
      47.312944
      46.458534
      46.692414
      45.875128
      46.109651
      45.326035
      45.561107
      55.922070
      56.176801
      55.089601
      55.345448
      54.306885
      54.564027
      53.569438
      53.827809
      73.259948
      73.541766
      72.088742
      72.372760
      70.985683
      71.271954
      69.944748
      70.233051
      47.698725
      47.797703
      47.082154
      47.180708
      46.503133
      46.601361
      45.958279
      46.056121
      56.686889
      56.775948
      55.859952
      55.948710
      55.082582
      55.171374
      54.350308
      54.439191
      74.251940
      74.319125
      73.087524
      73.155374
      71.991036
      72.059658
      70.956468
      71.025692
      55.243105
      55.455717
      54.562340
      54.775508
      53.921807
      54.135601
      53.317936
      53.532263
      66.010099
      66.239281
      65.103189
      65.333432
      64.249187
      64.480705
      63.443411
      63.676180
      86.328864
      86.577589
      85.060811
      85.311694
      83.864985
      84.118092
      82.735076
      82.990188
      55.799540
      55.891517
      55.123277
      55.214817
      54.487094
      54.578302
      53.887431
      53.978247
      66.697846
      66.778241
      65.796450
      65.876470
      64.947780
      65.027801
      64.147167
      64.227308
      87.221255
      87.277181
      85.959928
      86.016495
      84.770617
      84.827943
      83.647026
      83.704939
      63.858196
      64.051254
      63.120790
      63.314351
      62.425928
      62.620073
      61.769881
      61.964522
      76.660092
      76.865104
      75.682659
      75.888639
      74.761021
      74.968221
      73.890324
      74.098769
     100.123781
     100.341223
      98.764200
      98.983632
      97.480568
      97.702154
      96.266310
      96.489829
      64.355465
      64.440796
      63.622445
      63.707314
      62.931823
      63.016344
      62.279882
      62.363997
      77.274884
      77.347071
      76.302837
      76.374560
      75.386411
      75.458090
      74.520767
      74.592586
     100.921685
     100.966965
      99.568623
      99.614501
      98.291312
      98.337919
      97.083191
      97.130352
      72.899277
      73.074054
      72.108743
      72.283950
      71.362846
      71.538573
      70.657719
      70.833881
      87.839223
      88.021629
      86.795732
      86.978984
      85.810653
      85.995042
      84.878984
      85.064585
     114.606619
     114.794973
     113.161044
     113.351044
     111.794838
     111.986890
     110.501170
     110.695045
      73.341252
      73.420348
      72.554922
      72.633524
      71.813092
      71.891322
      71.111905
      71.189707
      88.385750
      88.450250
      87.347427
      87.411365
      86.367354
      86.431191
      85.440543
      85.504532
     115.316239
     115.351520
     113.876870
     113.912700
     112.516676
     112.553199
     111.228849
     111.265886
      82.337490
      82.495354
      81.497691
      81.655896
      80.704406
      80.863051
      79.953645
      80.112648
      99.510837
      99.672325
      98.406155
      98.568345
      97.362231
      97.525453
      96.373939
      96.538322
     129.725732
     129.887199
     128.200699
     128.363547
     126.758038
     126.922638
     125.390752
     125.557066
      82.728312
      82.801623
      81.892482
      81.965264
      81.103040
      81.175420
      80.356004
      80.427928
      99.994161
     100.051541
      98.894361
      98.951073
      97.855170
      97.911716
      96.871477
      96.928182
     130.353499
     130.379549
     128.834260
     128.860780
     127.397223
     127.424377
     126.035404
     126.063039
      92.141845
      92.284216
      91.256834
      91.399444
      90.420003
      90.562960
      89.627257
      89.770486
     111.636248
     111.778572
     110.475435
     110.618304
     109.377468
     109.521248
     108.337117
     108.481991
     145.434615
     145.571487
     143.836500
     143.974520
     142.323436
     142.462834
     140.888295
     141.029289
      92.485799
      92.553801
      91.604485
      91.671917
      90.771237
      90.838232
      89.981967
      90.048475
     112.061642
     112.112492
     110.905377
     110.955450
     109.811823
     109.861661
     108.775764
     108.825764
     145.987432
     146.005001
     144.394640
     144.412595
     142.886756
     142.905280
     141.456650
     141.475624
     102.280606
     102.408912
     101.354501
     101.482938
     100.478048
     100.606733
      99.647058
      99.775921
     124.175677
     124.300603
     122.963863
     123.089168
     121.816738
     121.942825
     120.728985
     120.856091
     161.678418
     161.792977
     160.014085
     160.129563
     158.437148
     158.553773
     156.940403
     157.058334
     102.581999
     102.645173
     101.659297
     101.721858
     100.786143
     100.848232
      99.958357
     100.019925
     124.548452
     124.593368
     123.340822
     123.384853
     122.197761
     122.241486
     121.113965
     121.157851
     162.163095
     162.172984
     160.503574
     160.513765
     158.931328
     158.942039
     157.439193
     157.450269
     112.721744
     112.837384
     111.758590
     111.874251
     110.846377
     110.962184
     109.980838
     110.096726
     137.089640
     137.198899
     135.831856
     135.941329
     134.640378
     134.750502
     133.509820
     133.620880
     178.408975
     178.503317
     176.684644
     176.779808
     175.049928
     175.146073
     173.497470
     173.594584
     112.984806
     113.043626
     112.024750
     112.082915
     111.115544
     111.173199
     110.252927
     110.310026
     137.415019
     137.454588
     136.161043
     136.199621
     134.973268
     135.011468
     133.846318
     133.884675
     178.832207
     178.835123
     177.112271
     177.115434
     175.481743
     175.485398
     173.933470
     173.937386
     123.434693
     123.539016
     122.438424
     122.542660
     121.494220
     121.598500
     120.597746
     120.702012
     150.339712
     150.434971
     149.040824
     149.136134
     147.809654
     147.905484
     146.640758
     146.737441
     195.573983
     195.650136
     193.795967
     193.872964
     192.109633
     192.187453
     190.507372
     190.585842
     123.663485
     123.718412
     122.670010
     122.724240
     121.728520
     121.782203
     120.834685
     120.887779
     150.622716
     150.657503
     149.327260
     149.360954
     148.099430
     148.132678
     146.933792
     146.967191
     195.942125
     195.938795
     194.168199
     194.165078
     192.485553
     192.482900
     190.887047
     190.884553
     134.389115
     134.483388
     133.363386
     133.457466
     132.390698
     132.484724
     131.466660
     131.560577
     163.889205
     163.972033
     162.553782
     162.636505
     161.287303
     161.370419
     160.084274
     160.168162
     213.127999
     213.187993
     211.302139
     211.362998
     209.569794
     209.631337
     207.923139
     207.985172
     134.587479
     134.638942
     133.564250
     133.614975
     132.593992
     132.644134
     131.672316
     131.721836
     164.134578
     164.165116
     162.802223
     162.831572
     161.538731
     161.567568
     160.338622
     160.367603
     213.447229
     213.438333
     211.625159
     211.616438
     209.896018
     209.887752
     208.252694
     208.244510
     145.558777
     145.644187
     144.507114
     144.592234
     143.509336
     143.594310
     142.561000
     142.645777
     177.704037
     177.775984
     176.336372
     176.407979
     175.038728
     175.110613
     173.805561
     173.878136
     231.024882
     231.070618
     229.156842
     229.203455
     227.383908
     227.431070
     225.698065
     225.745564
     145.730272
     145.778683
     144.680829
     144.728466
     143.685210
     143.732231
     142.738975
     142.785343
     177.916182
     177.942968
     176.551243
     176.576755
     175.256251
     175.281192
     174.025677
     174.050753
     231.300908
     231.287104
     229.436368
     229.422706
     227.666179
     227.652953
     225.983262
     225.970045
     156.915281
     156.992896
     155.840686
     155.917917
     154.820708
     154.897705
     153.850860
     153.927576
     191.752019
     191.814423
     190.355955
     190.417787
     189.030836
     189.092837
     187.771077
     187.833691
     249.225365
     249.258578
     247.320177
     247.354197
     245.511336
     245.545835
     243.790865
     243.825582
     157.063195
     157.108910
     155.990560
     156.035464
     154.972487
     155.016743
     154.004495
     154.048068
     191.934990
     191.958474
     190.541335
     190.563463
     189.218556
     189.240057
     187.961088
     187.982713
     249.463464
     249.445337
     247.561439
     247.543401
     245.754973
     245.737358
     244.037060
     244.019398
     168.440556
     168.511383
     167.346203
     167.416566
     166.307085
     166.377138
     165.318681
     165.388381
     206.005339
     206.059418
     204.584592
     204.637893
     203.235605
     203.288981
     201.952752
     202.006669
     267.691816
     267.714082
     265.754128
     265.777040
     263.913698
     263.937088
     262.162826
     262.186353
     168.567834
     168.611216
     167.475200
     167.517744
     166.437757
     166.479627
     165.450983
     165.492146
     206.162797
     206.183404
     204.744165
     204.763349
     203.397230
     203.415742
     202.116386
     202.135014
     267.896761
     267.874847
     265.961847
     265.939951
     264.123520
     264.102036
     262.374879
     262.353311
     180.103461
     180.168339
     178.991353
     179.055684
     177.935034
     177.998977
     176.929952
     176.993468
     220.435676
     220.482485
     218.993074
     219.038904
     217.622895
     217.668703
     216.319490
     216.365776
     286.394757
     286.407402
     284.427848
     284.441008
     282.559117
     282.572768
     280.781084
     280.794803
     180.212814
     180.254122
     179.102209
     179.142644
     178.047351
     178.087081
     177.043694
     177.082688
     220.570945
     220.589022
     219.130197
     219.146774
     217.761810
     217.777662
     216.460165
     216.476124
     286.570902
     286.545583
     284.606405
     284.581057
     282.739528
     282.714594
     280.963422
     280.938380
     191.904278
     191.964060
     190.777785
     190.836964
     189.707508
     189.766244
     188.688862
     188.747118
     235.025061
     235.065607
     233.564157
     233.603581
     232.176352
     232.215689
     230.855943
     230.895698
     305.317026
     305.321035
     303.322088
     303.326542
     301.426645
     301.431649
     299.623314
     299.628352
     191.998015
     192.037590
     190.872830
     190.911517
     189.803826
     189.841795
     188.786423
     188.823642
     235.141045
     235.156964
     233.681750
     233.696138
     232.295496
     232.309140
     230.976611
     230.990355
     305.468339
     305.439739
     303.475464
     303.446845
     301.581639
     301.553479
     299.779939
     299.751686
     203.789949
     203.845230
     202.649073
     202.703673
     201.564900
     201.618985
     200.532832
     200.586370
     249.743386
     249.778387
     248.264637
     248.298331
     246.859429
     246.892920
     245.522098
     245.555977
     324.477376
     324.472824
     322.447831
     322.443809
     320.520640
     320.517374
     318.688171
     318.684997
     203.870292
     203.908268
     202.730547
     202.767597
     201.647474
     201.683771
     200.616478
     200.651996
     249.842789
     249.856707
     248.365443
     248.377733
     246.961586
     246.973058
     245.625583
     245.637168
     324.607731
     324.575082
     322.579875
     322.547381
     320.654074
     320.622217
     318.822908
     318.791086
     215.815757
     215.867224
     214.665837
     214.716598
     213.572773
     213.622996
     212.531932
     212.581580
     264.601001
     264.631320
     263.109679
     263.138709
     261.692796
     261.721577
     260.344478
     260.373589
     344.007118
     343.991884
     341.916979
     341.902793
     339.936793
     339.923991
     338.057829
     338.045453
     215.884369
     215.921042
     214.735431
     214.771185
     213.643326
     213.678334
     212.603423
     212.637652
     264.685977
     264.698257
     263.195841
     263.206556
     261.780103
     261.790055
     260.432916
     260.442961
     344.120661
     344.080932
     342.031733
     341.992793
     340.052701
     340.014943
     338.174577
     338.137324
     227.837445
     227.885708
     226.673238
     226.720706
     225.566755
     225.613599
     224.513332
     224.559526
     279.543822
     279.569554
     278.029792
     278.053995
     276.590928
     276.614681
     275.221709
     275.245974
     364.284495
     364.251710
     362.063344
     362.032890
     359.968790
     359.940799
     357.988923
     357.962399
     227.896275
     227.931885
     226.732897
     226.767532
     225.627221
     225.661056
     224.574584
     224.607599
     279.616834
     279.627107
     278.103840
     278.112348
     276.665965
     276.673561
     275.297717
     275.305624
     364.386146
     364.331400
     362.165644
     362.113098
     360.071798
     360.021557
     358.092306
     358.043695
     240.102647
     240.147092
     238.935662
     238.979417
     237.825645
     237.868880
     236.768008
     236.810686
     294.707313
     294.728406
     293.189298
     293.209181
     291.747147
     291.766750
     290.374561
     290.394421
     386.090706
     386.030266
     383.628433
     383.571814
     381.318519
     381.265753
     379.145637
     379.096014
     240.152593
     240.186250
     238.986357
     239.019162
     237.877071
     237.909198
     236.820148
     236.851564
     294.769389
     294.777262
     293.252227
     293.258688
     291.810917
     291.816746
     290.439170
     290.445081
     386.185153
     386.104290
     383.723031
     383.645955
     381.413309
     381.340046
     379.240662
     379.170492
     252.122114
     252.167106
     250.935164
     250.978901
     249.808486
     249.851223
     248.736815
     248.778547
     309.883782
     309.903974
     308.295113
     308.313089
     306.793460
     306.810272
     305.371343
     305.388822
     410.373426
     410.279405
     407.552116
     407.463113
     404.908897
     404.824907
     402.426631
     402.346878
     252.165345
     252.201085
     250.978925
     251.013292
     249.852777
     249.886025
     248.781635
     248.813760
     309.938917
     309.947514
     308.350714
     308.356997
     306.849541
     306.854432
     305.427924
     305.433266
     410.464106
     410.350439
     407.642809
     407.534168
     404.999612
     404.895990
     402.517383
     402.417999
     264.841492
     264.872121
     263.652545
     263.684773
     262.519741
     262.553061
     261.439691
     261.473780
     325.618675
     325.590387
     324.109354
     324.090954
     322.650213
     322.638349
     321.245417
     321.239498
     431.127529
     430.486597
     428.613486
     428.029662
     426.275665
     425.753924
     424.086690
     423.628156
     264.877488
     264.900218
     263.689263
     263.713460
     262.557102
     262.582272
     261.477639
     261.503469
     325.660428
     325.622281
     324.153068
     324.124979
     322.695487
     322.673641
     321.291950
     321.275812
     431.162558
     430.510345
     428.650919
     428.055558
     426.316124
     425.782512
     424.130652
     423.659868
