0	0.0037101086800000	0.0004044324900000
0.1	0.0002732118700000	0.0002157126100000
0.2	0.0002792283050000	0.0002211099400000
0.3	0.0002853063050000	0.0002265783500000
0.4	0.0002914449150000	0.0002321171450000
0.5	0.0002976431550000	0.0002377255950000
0.6	0.0003039000200000	0.0002434029350000
0.7	0.0003102144850000	0.0002491483750000
0.8	0.0003165855100000	0.0002549610950000
0.9	0.0003230120300000	0.0002608402350000
1	0.0003294929600000	0.0002667849050000
1.1	0.0003360272000000	0.0002727942000000
1.2	0.0003426136350000	0.0002788671800000
1.3	0.0003492511300000	0.0002850028750000
1.4	0.0003559385400000	0.0002912002950000
1.5	0.0003626747000000	0.0002974584250000
1.6	0.0003694584300000	0.0003037762200000
1.7	0.0003762885500000	0.0003101526100000
1.8	0.0003831638650000	0.0003165865150000
1.9	0.0003900831600000	0.0003230768300000
2	0.0003970452250000	0.0003296224300000
2.1	0.0004040488400000	0.0003362221700000
2.2	0.0004110927650000	0.0003428748850000
2.3	0.0004181757650000	0.0003495794000000
2.4	0.0004252966050000	0.0003563345200000
2.5	0.0004324540400000	0.0003631390300000
2.6	0.0004396468150000	0.0003699917150000
2.7	0.0004468736800000	0.0003768913450000
2.8	0.0004541333850000	0.0003838366750000
2.9	0.0004614246800000	0.0003908264450000
3	0.0004687463150000	0.0003978593850000
3.1	0.0004760970350000	0.0004049342350000
3.2	0.0004834755950000	0.0004120497150000
3.3	0.0004908807500000	0.0004192045300000
3.4	0.0004983112550000	0.0004263973950000
3.5	0.0005057658800000	0.0004336270200000
3.6	0.0005132433950000	0.0004408921100000
3.7	0.0005207425700000	0.0004481913650000
3.8	0.0005282621950000	0.0004555234750000
3.9	0.0005358010550000	0.0004628871500000
4	0.0005433579500000	0.0004702810950000
4.1	0.0005509316950000	0.0004777040050000
4.2	0.0005585211000000	0.0004851545850000
4.3	0.0005661249950000	0.0004926315500000
4.4	0.0005737422200000	0.0005001336100000
4.5	0.0005813716250000	0.0005076594850000
4.6	0.0005890120800000	0.0005152079050000
4.7	0.0005966624550000	0.0005227776000000
4.8	0.0006043216350000	0.0005303673050000
4.9	0.0006119885300000	0.0005379757700000
5	0.0006196620550000	0.0005456017600000
5.1	0.0006273411450000	0.0005532440350000
5.2	0.0006350247450000	0.0005609013750000
5.3	0.0006427118100000	0.0005685725700000
5.4	0.0006504013250000	0.0005762564150000
5.5	0.0006580922900000	0.0005839517300000
5.6	0.0006657837100000	0.0005916573450000
5.7	0.0006734746150000	0.0005993720950000
5.8	0.0006811640550000	0.0006070948400000
5.9	0.0006888510850000	0.0006148244450000
6	0.0006965347900000	0.0006225597950000
6.1	0.0007042142700000	0.0006302997950000
6.2	0.0007118886450000	0.0006380433550000
6.3	0.0007195570500000	0.0006457894100000
6.4	0.0007272186350000	0.0006535369150000
6.5	0.0007348725800000	0.0006612848400000
6.6	0.0007425180700000	0.0006690321650000
6.7	0.0007501543250000	0.0006767778900000
6.8	0.0007577805750000	0.0006845210450000
6.9	0.0007653960650000	0.0006922606700000
7	0.0007730000700000	0.0006999958200000
7.1	0.0007805918750000	0.0007077255750000
7.2	0.0007881707900000	0.0007154490400000
7.3	0.0007957361450000	0.0007231653300000
7.4	0.0008032872900000	0.0007308735800000
7.5	0.0008108235900000	0.0007385729500000
7.6	0.0008183444250000	0.0007462626150000
7.7	0.0008258492050000	0.0007539417800000
7.8	0.0008333373600000	0.0007616096600000
7.9	0.0008408083350000	0.0007692654900000
8	0.0008482615900000	0.0007769085400000
8.1	0.0008556966050000	0.0007845380850000
8.2	0.0008631128850000	0.0007921534200000
8.3	0.0008705099550000	0.0007997538700000
8.4	0.0008778873550000	0.0008073387800000
8.5	0.0008852446400000	0.0008149075150000
8.6	0.0008925813850000	0.0008224594500000
8.7	0.0008998971850000	0.0008299939950000
8.8	0.0009071916600000	0.0008375105700000
8.9	0.0009144644350000	0.0008450086150000
9	0.0009217151600000	0.0008524876050000
9.1	0.0009289435100000	0.0008599470200000
9.2	0.0009361491600000	0.0008673863600000
9.3	0.0009433318100000	0.0008748051550000
9.4	0.0009504911850000	0.0008822029450000
9.5	0.0009576270200000	0.0008895792950000
9.6	0.0009647390600000	0.0008969337900000
9.7	0.0009718270750000	0.0009042660250000
9.8	0.0009788908500000	0.0009115756250000
9.9	0.0009859301850000	0.0009188622300000
10	0.0009929448950000	0.0009261255000000
10.1	0.0009999347850000	0.0009333651100000
10.2	0.0010068997500000	0.0009405807550000
10.3	0.0010138396500000	0.0009477721500000
10.4	0.0010207543000000	0.0009549390200000
10.5	0.0010276436000000	0.0009620811150000
10.6	0.0010345075000000	0.0009691982050000
10.7	0.0010413459000000	0.0009762900650000
10.8	0.0010481587000000	0.0009833564950000
10.9	0.0010549459000000	0.0009903973100000
11	0.0010617074000000	0.0009974123450000
11.1	0.0010684431500000	0.0010044014500000
11.2	0.0010751531500000	0.0010113644500000
11.3	0.0010818374000000	0.0010183012500000
11.4	0.0010884959500000	0.0010252117500000
11.5	0.0010951287500000	0.0010320958500000
11.6	0.0011017358500000	0.0010389535000000
11.7	0.0011083173000000	0.0010457846000000
11.8	0.0011148731000000	0.0010525891000000
11.9	0.0011214033500000	0.0010593669500000
12	0.0011279081000000	0.0010661181500000
12.1	0.0011343874000000	0.0010728427000000
12.2	0.0011408413500000	0.0010795405500000
12.3	0.0011472700500000	0.0010862117500000
12.4	0.0011536736000000	0.0010928563500000
12.5	0.0011600521000000	0.0010994743500000
12.6	0.0011664057000000	0.0011060657500000
12.7	0.0011727345000000	0.0011126306500000
12.8	0.0011790386500000	0.0011191692000000
12.9	0.0011853183000000	0.0011256814000000
13	0.0011915735500000	0.0011321673000000
13.1	0.0011978046000000	0.0011386270500000
13.2	0.0012040116000000	0.0011450607500000
13.3	0.0012101947000000	0.0011514685500000
13.4	0.0012163541000000	0.0011578505500000
13.5	0.0012224900000000	0.0011642068500000
13.6	0.0012286025000000	0.0011705376500000
13.7	0.0012346918000000	0.0011768430500000
13.8	0.0012407582000000	0.0011831232500000
13.9	0.0012468018000000	0.0011893784000000
14	0.0012528228500000	0.0011956086500000
14.1	0.0012588215500000	0.0012018142000000
14.2	0.0012647980500000	0.0012079952000000
14.3	0.0012707526500000	0.0012141519000000
14.4	0.0012766855000000	0.0012202845000000
14.5	0.0012825968500000	0.0012263931500000
14.6	0.0012884869500000	0.0012324780500000
14.7	0.0012943560000000	0.0012385394500000
14.8	0.0013002042000000	0.0012445776000000
14.9	0.0013060318000000	0.0012505927000000
15	0.0013118391000000	0.0012565849000000
15.1	0.0013176262500000	0.0012625545000000
15.2	0.0013233935000000	0.0012685017500000
15.3	0.0013291411000000	0.0012744268500000
15.4	0.0013348692500000	0.0012803300500000
15.5	0.0013405782500000	0.0012862116000000
15.6	0.0013462683500000	0.0012920717500000
15.7	0.0013519397500000	0.0012979107500000
15.8	0.0013575926500000	0.0013037288500000
15.9	0.0013632273500000	0.0013095262500000
16	0.0013688441000000	0.0013153032500000
16.1	0.0013744431000000	0.0013210601500000
16.2	0.0013800246500000	0.0013267971500000
16.3	0.0013855889500000	0.0013325145500000
16.4	0.0013911362000000	0.0013382126000000
16.5	0.0013966667000000	0.0013438915000000
16.6	0.0014021806500000	0.0013495515500000
16.7	0.0014076783000000	0.0013551930000000
16.8	0.0014131599000000	0.0013608161500000
16.9	0.0014186256000000	0.0013664213000000
17	0.0014240757500000	0.0013720086000000
17.1	0.0014295105500000	0.0013775783500000
17.2	0.0014349301500000	0.0013831308500000
17.3	0.0014403348500000	0.0013886663500000
17.4	0.0014457248500000	0.0013941851000000
17.5	0.0014511004000000	0.0013996873000000
17.6	0.0014564617000000	0.0014051732500000
17.7	0.0014618089000000	0.0014106432500000
17.8	0.0014671423000000	0.0014160975000000
17.9	0.0014724621000000	0.0014215362500000
18	0.0014777684500000	0.0014269597500000
18.1	0.0014830616000000	0.0014323682500000
18.2	0.0014883417500000	0.0014377620500000
18.3	0.0014936090500000	0.0014431413500000
18.4	0.0014988637500000	0.0014485064000000
18.5	0.0015041060500000	0.0014538574000000
18.6	0.0015093360500000	0.0014591945500000
18.7	0.0015145540000000	0.0014645182000000
18.8	0.0015197600500000	0.0014698285000000
18.9	0.0015249544000000	0.0014751256500000
19	0.0015301372500000	0.0014804099500000
19.1	0.0015353086500000	0.0014856816000000
19.2	0.0015404688500000	0.0014909408000000
19.3	0.0015456180500000	0.0014961877500000
19.4	0.0015507563000000	0.0015014226500000
19.5	0.0015558837500000	0.0015066457000000
19.6	0.0015610006000000	0.0015118571500000
19.7	0.0015661070000000	0.0015170571500000
19.8	0.0015712030500000	0.0015222458500000
19.9	0.0015762889000000	0.0015274235000000
20	0.0015813646500000	0.0015325903000000
20.1	0.0015864304000000	0.0015377464000000
20.2	0.0015914863000000	0.0015428919500000
20.3	0.0015965324500000	0.0015480271500000
20.4	0.0016015690000000	0.0015531521500000
20.5	0.0016065960000000	0.0015582671000000
20.6	0.0016116135000000	0.0015633721500000
20.7	0.0016166216000000	0.0015684674500000
20.8	0.0016216204500000	0.0015735532000000
20.9	0.0016266101000000	0.0015786294500000
21	0.0016315905500000	0.0015836963500000
21.1	0.0016365619500000	0.0015887541000000
21.2	0.0016415243500000	0.0015938028000000
21.3	0.0016464778000000	0.0015988425000000
21.4	0.0016514223000000	0.0016038733500000
21.5	0.0016563579000000	0.0016088954500000
21.6	0.0016612847000000	0.0016139089000000
21.7	0.0016662027000000	0.0016189138000000
21.8	0.0016711119000000	0.0016239102500000
21.9	0.0016760123500000	0.0016288983500000
22	0.0016809040500000	0.0016338781000000
22.1	0.0016857869500000	0.0016388496500000
22.2	0.0016906611000000	0.0016438130500000
22.3	0.0016955265500000	0.0016487683000000
22.4	0.0017003832000000	0.0016537155000000
22.5	0.0017052310500000	0.0016586546500000
22.6	0.0017100701500000	0.0016635858500000
22.7	0.0017149003500000	0.0016685091500000
22.8	0.0017197216500000	0.0016734245000000
22.9	0.0017245341000000	0.0016783320000000
23	0.0017293375500000	0.0016832316000000
23.1	0.0017341319500000	0.0016881233500000
23.2	0.0017389173000000	0.0016930072500000
23.3	0.0017436934500000	0.0016978832500000
23.4	0.0017484603500000	0.0017027514000000
23.5	0.0017532179500000	0.0017076116500000
23.6	0.0017579661500000	0.0017124639500000
23.7	0.0017627048500000	0.0017173083000000
23.8	0.0017674339500000	0.0017221447000000
23.9	0.0017721533500000	0.0017269731000000
24	0.0017768629000000	0.0017317934000000
24.1	0.0017815625000000	0.0017366055500000
24.2	0.0017862520500000	0.0017414095000000
24.3	0.0017909314500000	0.0017462052000000
24.4	0.0017956005000000	0.0017509925500000
24.5	0.0018002590000000	0.0017557714500000
24.6	0.0018049068500000	0.0017605419000000
24.7	0.0018095439500000	0.0017653037000000
24.8	0.0018141701000000	0.0017700567500000
24.9	0.0018187851000000	0.0017748010000000
25	0.0018233887500000	0.0017795363000000
25.1	0.0018279809000000	0.0017842625500000
25.2	0.0018325614000000	0.0017889796000000
25.3	0.0018371300000000	0.0017936873500000
25.4	0.0018416865500000	0.0017983856000000
25.5	0.0018462308000000	0.0018030742000000
25.6	0.0018507625000000	0.0018077530500000
25.7	0.0018552814500000	0.0018124219500000
25.8	0.0018597874500000	0.0018170807000000
25.9	0.0018642803000000	0.0018217291500000
26	0.0018687596500000	0.0018263671500000
26.1	0.0018732253000000	0.0018309945000000
26.2	0.0018776770500000	0.0018356109500000
26.3	0.0018821146000000	0.0018402163000000
26.4	0.0018865376500000	0.0018448104500000
26.5	0.0018909459500000	0.0018493931000000
26.6	0.0018953393000000	0.0018539640000000
26.7	0.0018997173000000	0.0018585229500000
26.8	0.0019040797000000	0.0018630697000000
26.9	0.0019084262500000	0.0018676040000000
27	0.0019127566000000	0.0018721256500000
27.1	0.0019170704500000	0.0018766343500000
27.2	0.0019213675000000	0.0018811298500000
27.3	0.0019256474000000	0.0018856119000000
27.4	0.0019299098500000	0.0018900802000000
27.5	0.0019341545500000	0.0018945345000000
27.6	0.0019383811000000	0.0018989744500000
27.7	0.0019425891500000	0.0019033998000000
27.8	0.0019467784000000	0.0019078102500000
27.9	0.0019509485500000	0.0019122055000000
28	0.0019550991500000	0.0019165852000000
28.1	0.0019592298500000	0.0019209490500000
28.2	0.0019633403500000	0.0019252967500000
28.3	0.0019674302000000	0.0019296279000000
28.4	0.0019714990000000	0.0019339422500000
28.5	0.0019755464500000	0.0019382394500000
28.6	0.0019795721500000	0.0019425190500000
28.7	0.0019835756500000	0.0019467807500000
28.8	0.0019875565500000	0.0019510242500000
28.9	0.0019915145000000	0.0019552491500000
29	0.0019954490500000	0.0019594550500000
29.1	0.0019993598000000	0.0019636415500000
29.2	0.0020032463500000	0.0019678083500000
29.3	0.0020071082500000	0.0019719550000000
29.4	0.0020109451000000	0.0019760811000000
29.5	0.0020147564500000	0.0019801863000000
29.6	0.0020185419000000	0.0019842701500000
29.7	0.0020223009500000	0.0019883322500000
29.8	0.0020260331500000	0.0019923722000000
29.9	0.0020297381500000	0.0019963896000000
30	0.0020334154500000	0.0020003840000000
30.1	0.0020370645500000	0.0020043549500000
30.2	0.0020406850000000	0.0020083020500000
30.3	0.0020442763500000	0.0020122248500000
30.4	0.0020478381500000	0.0020161228500000
30.5	0.0020513699500000	0.0020199956500000
30.6	0.0020548712500000	0.0020238428500000
30.7	0.0020583415500000	0.0020276639500000
30.8	0.0020617804500000	0.0020314584500000
30.9	0.0020651874000000	0.0020352259500000
31	0.0020685619000000	0.0020389659500000
31.1	0.0020719035000000	0.0020426779500000
31.2	0.0020752117000000	0.0020463615000000
31.3	0.0020784860000000	0.0020500161000000
31.4	0.0020817259000000	0.0020536413000000
31.5	0.0020849309000000	0.0020572366000000
31.6	0.0020881005000000	0.0020608014500000
31.7	0.0020912342500000	0.0020643354000000
31.8	0.0020943316000000	0.0020678380000000
31.9	0.0020973920500000	0.0020713087000000
32	0.0021004151000000	0.0020747470000000
32.1	0.0021034002000000	0.0020781524000000
32.2	0.0021063469000000	0.0020815243500000
32.3	0.0021092547000000	0.0020848623500000
32.4	0.0021121230000000	0.0020881659500000
32.5	0.0021149513000000	0.0020914346000000
32.6	0.0021177391500000	0.0020946677000000
32.7	0.0021204860000000	0.0020978648000000
32.8	0.0021231913000000	0.0021010254000000
32.9	0.0021258546000000	0.0021041489000000
33	0.0021284753500000	0.0021072348000000
33.1	0.0021310530000000	0.0021102826000000
33.2	0.0021335871000000	0.0021132917500000
33.3	0.0021360771000000	0.0021162617000000
33.4	0.0021385224500000	0.0021191919000000
33.5	0.0021409226500000	0.0021220819000000
33.6	0.0021432772000000	0.0021249311000000
33.7	0.0021455856000000	0.0021277389500000
33.8	0.0021478473000000	0.0021305049500000
33.9	0.0021500617500000	0.0021332285000000
34	0.0021522285000000	0.0021359091000000
34.1	0.0021543470500000	0.0021385462500000
34.2	0.0021564168500000	0.0021411394000000
34.3	0.0021584374000000	0.0021436879500000
34.4	0.0021604081500000	0.0021461913500000
34.5	0.0021623286500000	0.0021486491500000
34.6	0.0021641984000000	0.0021510608000000
34.7	0.0021660168500000	0.0021534257000000
34.8	0.0021677835500000	0.0021557433000000
34.9	0.0021694979500000	0.0021580131500000
35	0.0021711596000000	0.0021602347000000
35.1	0.0021727680000000	0.0021624073500000
35.2	0.0021743226500000	0.0021645306000000
35.3	0.0021758231000000	0.0021666039000000
35.4	0.0021772688000000	0.0021686267500000
35.5	0.0021786593000000	0.0021705986500000
35.6	0.0021799941500000	0.0021725190500000
35.7	0.0021812728500000	0.0021743874000000
35.8	0.0021824949000000	0.0021762032000000
35.9	0.0021836599000000	0.0021779659500000
36	0.0021847674000000	0.0021796751500000
36.1	0.0021858169000000	0.0021813302500000
36.2	0.0021868079500000	0.0021829307000000
36.3	0.0021877401000000	0.0021844760500000
36.4	0.0021886129000000	0.0021859658000000
36.5	0.0021894259500000	0.0021873994000000
36.6	0.0021901788500000	0.0021887764000000
36.7	0.0021908711000000	0.0021900963500000
36.8	0.0021915023000000	0.0021913587000000
36.9	0.0021920720500000	0.0021925629500000
37	0.0021925799000000	0.0021937086500000
37.1	0.0021930255000000	0.0021947953500000
37.2	0.0021934084500000	0.0021958226000000
37.3	0.0021937283500000	0.0021967898500000
37.4	0.0021939848000000	0.0021976967000000
37.5	0.0021941774000000	0.0021985427000000
37.6	0.0021943058000000	0.0021993273500000
37.7	0.0021943696500000	0.0022000502500000
37.8	0.0021943686000000	0.0022007109500000
37.9	0.0021943022500000	0.0022013090000000
38	0.0021941703000000	0.0022018440000000
38.1	0.0021939724000000	0.0022023155500000
38.2	0.0021937082500000	0.0022027232000000
38.3	0.0021933775000000	0.0022030665500000
38.4	0.0021929798000000	0.0022033452000000
38.5	0.0021925149000000	0.0022035588000000
38.6	0.0021919825000000	0.0022037069000000
38.7	0.0021913823500000	0.0022037891500000
38.8	0.0021907141000000	0.0022038052000000
38.9	0.0021899774500000	0.0022037546000000
39	0.0021891722000000	0.0022036371000000
39.1	0.0021882981000000	0.0022034523000000
39.2	0.0021873548500000	0.0022031998500000
39.3	0.0021863422500000	0.0022028794500000
39.4	0.0021852601000000	0.0022024907500000
39.5	0.0021841081500000	0.0022020334500000
39.6	0.0021828862000000	0.0022015072500000
39.7	0.0021815940500000	0.0022009118000000
39.8	0.0021802315000000	0.0022002468500000
39.9	0.0021787984000000	0.0021995121500000
40	0.0021772945500000	0.0021987073500000
40.1	0.0021757197500000	0.0021978322500000
40.2	0.0021740739000000	0.0021968865500000
40.3	0.0021723568500000	0.0021958700000000
40.4	0.0021705685000000	0.0021947824500000
40.5	0.0021687087000000	0.0021936236000000
40.6	0.0021667773500000	0.0021923932500000
40.7	0.0021647743500000	0.0021910912000000
40.8	0.0021626996000000	0.0021897172500000
40.9	0.0021605530500000	0.0021882712500000
41	0.0021583346000000	0.0021867529500000
41.1	0.0021560442000000	0.0021851622500000
41.2	0.0021536818000000	0.0021834989500000
41.3	0.0021512474000000	0.0021817629000000
41.4	0.0021487409500000	0.0021799540500000
41.5	0.0021461624000000	0.0021780722000000
41.6	0.0021435118000000	0.0021761172500000
41.7	0.0021407891500000	0.0021740891500000
41.8	0.0021379945000000	0.0021719877500000
41.9	0.0021351278500000	0.0021698129500000
42	0.0021321892000000	0.0021675647500000
42.1	0.0021291786500000	0.0021652431000000
42.2	0.0021260963000000	0.0021628479000000
42.3	0.0021229422000000	0.0021603791500000
42.4	0.0021197164000000	0.0021578368000000
42.5	0.0021164190000000	0.0021552208500000
42.6	0.0021130501500000	0.0021525313500000
42.7	0.0021096100000000	0.0021497682500000
42.8	0.0021060986000000	0.0021469315500000
42.9	0.0021025161500000	0.0021440213500000
43	0.0020988628500000	0.0021410377000000
43.1	0.0020951388000000	0.0021379806500000
43.2	0.0020913442000000	0.0021348502500000
43.3	0.0020874792500000	0.0021316465500000
43.4	0.0020835441000000	0.0021283697000000
43.5	0.0020795390500000	0.0021250198500000
43.6	0.0020754643000000	0.0021215970500000
43.7	0.0020713200500000	0.0021181014000000
43.8	0.0020671065500000	0.0021145331000000
43.9	0.0020628241000000	0.0021108923000000
44	0.0020584730000000	0.0021071792000000
44.1	0.0020540534500000	0.0021033939000000
44.2	0.0020495657500000	0.0020995366000000
44.3	0.0020450102500000	0.0020956076000000
44.4	0.0020403873000000	0.0020916070500000
44.5	0.0020356972000000	0.0020875351500000
44.6	0.0020309402500000	0.0020833921500000
44.7	0.0020261168000000	0.0020791783000000
44.8	0.0020212272500000	0.0020748939000000
44.9	0.0020162719500000	0.0020705392000000
45	0.0020112512500000	0.0020661144500000
45.1	0.0020061656000000	0.0020616200000000
45.2	0.0020010154500000	0.0020570561500000
45.3	0.0019958011500000	0.0020524232000000
45.4	0.0019905230500000	0.0020477215000000
45.5	0.0019851817000000	0.0020429514000000
45.6	0.0019797775500000	0.0020381132500000
45.7	0.0019743109500000	0.0020332074500000
45.8	0.0019687824500000	0.0020282343500000
45.9	0.0019631925000000	0.0020231942500000
46	0.0019575416000000	0.0020180876500000
46.1	0.0019518303000000	0.0020129150000000
46.2	0.0019460590000000	0.0020076766500000
46.3	0.0019402282500000	0.0020023730000000
46.4	0.0019343386000000	0.0019970045500000
46.5	0.0019283905500000	0.0019915718000000
46.6	0.0019223847000000	0.0019860752000000
46.7	0.0019163215500000	0.0019805151500000
46.8	0.0019102016500000	0.0019748921500000
46.9	0.0019040256500000	0.0019692068000000
47	0.0018977941000000	0.0019634595500000
47.1	0.0018915075000000	0.0019576508500000
47.2	0.0018851665000000	0.0019517813000000
47.3	0.0018787718000000	0.0019458514500000
47.4	0.0018723239000000	0.0019398618000000
47.5	0.0018658234000000	0.0019338129000000
47.6	0.0018592710500000	0.0019277053500000
47.7	0.0018526674000000	0.0019215397500000
47.8	0.0018460130500000	0.0019153166500000
47.9	0.0018393087500000	0.0019090366500000
48	0.0018325551500000	0.0019027003500000
48.1	0.0018257528500000	0.0018963084000000
48.2	0.0018189025500000	0.0018898614000000
48.3	0.0018120049500000	0.0018833599000000
48.4	0.0018050607000000	0.0018768046000000
48.5	0.0017980705000000	0.0018701962000000
48.6	0.0017910350500000	0.0018635353000000
48.7	0.0017839551000000	0.0018568225500000
48.8	0.0017768313000000	0.0018500586500000
48.9	0.0017696643500000	0.0018432442500000
49	0.0017624550500000	0.0018363800000000
49.1	0.0017552041000000	0.0018294666500000
49.2	0.0017479122000000	0.0018225049000000
49.3	0.0017405800500000	0.0018154954500000
49.4	0.0017332084500000	0.0018084390000000
49.5	0.0017257981500000	0.0018013362500000
49.6	0.0017183499000000	0.0017941879500000
49.7	0.0017108644500000	0.0017869948000000
49.8	0.0017033425000000	0.0017797575500000
49.9	0.0016957848500000	0.0017724769500000
50	0.0016881922500000	0.0017651537500000
50.1	0.0016805655000000	0.0017577887000000
50.2	0.0016729054000000	0.0017503825000000
50.3	0.0016652126500000	0.0017429360000000
50.4	0.0016574880500000	0.0017354499500000
50.5	0.0016497324500000	0.0017279250500000
50.6	0.0016419465500000	0.0017203621500000
50.7	0.0016341311500000	0.0017127620000000
50.8	0.0016262870500000	0.0017051254000000
50.9	0.0016184150000000	0.0016974531500000
51	0.0016105158500000	0.0016897460000000
51.1	0.0016025903500000	0.0016820047500000
51.2	0.0015946393000000	0.0016742302000000
51.3	0.0015866635000000	0.0016664231500000
51.4	0.0015786637500000	0.0016585844000000
51.5	0.0015706408500000	0.0016507147500000
51.6	0.0015625956000000	0.0016428150500000
51.7	0.0015545288000000	0.0016348861000000
51.8	0.0015464412000000	0.0016269287000000
51.9	0.0015383336000000	0.0016189436500000
52	0.0015302068500000	0.0016109317000000
52.1	0.0015220617000000	0.0016028937500000
52.2	0.0015138989500000	0.0015948306500000
52.3	0.0015057194500000	0.0015867431500000
52.4	0.0014975239500000	0.0015786321000000
52.5	0.0014893132000000	0.0015704983000000
52.6	0.0014810880500000	0.0015623425500000
52.7	0.0014728493000000	0.0015541657000000
52.8	0.0014645976500000	0.0015459685500000
52.9	0.0014563339500000	0.0015377519500000
53	0.0014480590500000	0.0015295167000000
53.1	0.0014397736500000	0.0015212636000000
53.2	0.0014314785000000	0.0015129934500000
53.3	0.0014231744000000	0.0015047071000000
53.4	0.0014148621500000	0.0014964054000000
53.5	0.0014065425000000	0.0014880891000000
53.6	0.0013982162000000	0.0014797590500000
53.7	0.0013898841000000	0.0014714160500000
53.8	0.0013815469000000	0.0014630609000000
53.9	0.0013732053000000	0.0014546944000000
54	0.0013648601500000	0.0014463173500000
54.1	0.0013565122000000	0.0014379305500000
54.2	0.0013481621000000	0.0014295348000000
54.3	0.0013398106500000	0.0014211309000000
54.4	0.0013314586000000	0.0014127196000000
54.5	0.0013231066500000	0.0014043017500000
54.6	0.0013147556000000	0.0013958781500000
54.7	0.0013064061000000	0.0013874495000000
54.8	0.0012980588500000	0.0013790166000000
54.9	0.0012897146500000	0.0013705802500000
55	0.0012813741500000	0.0013621412500000
55.1	0.0012730380500000	0.0013537003000000
55.2	0.0012647070500000	0.0013452581500000
55.3	0.0012563818500000	0.0013368156500000
55.4	0.0012480632000000	0.0013283734500000
55.5	0.0012397517000000	0.0013199323500000
55.6	0.0012314480500000	0.0013114931000000
55.7	0.0012231529000000	0.0013030563500000
55.8	0.0012148669000000	0.0012946229000000
55.9	0.0012065908000000	0.0012861935000000
56	0.0011983252000000	0.0012777688500000
56.1	0.0011900707000000	0.0012693496500000
56.2	0.0011818279500000	0.0012609366500000
56.3	0.0011735976000000	0.0012525305000000
56.4	0.0011653803000000	0.0012441318500000
56.5	0.0011571766500000	0.0012357415000000
56.6	0.0011489872500000	0.0012273601000000
56.7	0.0011408127500000	0.0012189882500000
56.8	0.0011326536500000	0.0012106267000000
56.9	0.0011245106000000	0.0012022761500000
57	0.0011163842000000	0.0011939372000000
57.1	0.0011082750000000	0.0011856105000000
57.2	0.0011001836000000	0.0011772967000000
57.3	0.0010921105000000	0.0011689964500000
57.4	0.0010840563000000	0.0011607103500000
57.5	0.0010760215500000	0.0011524390500000
57.6	0.0010680067500000	0.0011441832000000
57.7	0.0010600124500000	0.0011359433500000
57.8	0.0010520392000000	0.0011277201000000
57.9	0.0010440875000000	0.0011195140500000
58	0.0010361578500000	0.0011113258500000
58.1	0.0010282507000000	0.0011031560500000
58.2	0.0010203666000000	0.0010950051500000
58.3	0.0010125061000000	0.0010868737500000
58.4	0.0010046695500000	0.0010787624500000
58.5	0.0009968574700000	0.0010706717500000
58.6	0.0009890703650000	0.0010626022000000
58.7	0.0009813086200000	0.0010545544000000
58.8	0.0009735727100000	0.0010465288000000
58.9	0.0009658630750000	0.0010385259000000
59	0.0009581801350000	0.0010305462500000
59.1	0.0009505243100000	0.0010225903500000
59.2	0.0009428960150000	0.0010146586500000
59.3	0.0009352956600000	0.0010067516500000
59.4	0.0009277236400000	0.0009988698550000
59.5	0.0009201803350000	0.0009910137100000
59.6	0.0009126661300000	0.0009831836800000
59.7	0.0009051814000000	0.0009753802150000
59.8	0.0008977265100000	0.0009676037550000
59.9	0.0008903018200000	0.0009598547250000
60	0.0008829076700000	0.0009521335600000
60.1	0.0008755444000000	0.0009444406800000
60.2	0.0008682123500000	0.0009367764800000
60.3	0.0008609118350000	0.0009291413700000
60.4	0.0008536431750000	0.0009215357450000
60.5	0.0008464066800000	0.0009139599800000
60.6	0.0008392026500000	0.0009064144550000
60.7	0.0008320313800000	0.0008988995350000
60.8	0.0008248931500000	0.0008914155750000
60.9	0.0008177882350000	0.0008839629350000
61	0.0008107169100000	0.0008765419500000
61.1	0.0008036794350000	0.0008691529550000
61.2	0.0007966760550000	0.0008617962800000
61.3	0.0007897070200000	0.0008544722300000
61.4	0.0007827725750000	0.0008471811200000
61.5	0.0007758729450000	0.0008399232600000
61.6	0.0007690083500000	0.0008326989350000
61.7	0.0007621790050000	0.0008255084250000
61.8	0.0007553851200000	0.0008183520100000
61.9	0.0007486269000000	0.0008112299600000
62	0.0007419045300000	0.0008041425350000
62.1	0.0007352182000000	0.0007970899850000
62.2	0.0007285680850000	0.0007900725550000
62.3	0.0007219543550000	0.0007830904800000
62.4	0.0007153771750000	0.0007761439900000
62.5	0.0007088367000000	0.0007692333100000
62.6	0.0007023330850000	0.0007623586500000
62.7	0.0006958664650000	0.0007555202100000
62.8	0.0006894369800000	0.0007487181900000
62.9	0.0006830447600000	0.0007419527850000
63	0.0006766899200000	0.0007352241750000
63.1	0.0006703725750000	0.0007285325300000
63.2	0.0006640928400000	0.0007218780250000
63.3	0.0006578508150000	0.0007152608150000
63.4	0.0006516465850000	0.0007086810550000
63.5	0.0006454802500000	0.0007021388900000
63.6	0.0006393518900000	0.0006956344550000
63.7	0.0006332615750000	0.0006891678850000
63.8	0.0006272093750000	0.0006827393000000
63.9	0.0006211953550000	0.0006763488250000
64	0.0006152195750000	0.0006699965650000
64.1	0.0006092820850000	0.0006636826200000
64.2	0.0006033829250000	0.0006574070900000
64.3	0.0005975221350000	0.0006511700700000
64.4	0.0005916997550000	0.0006449716350000
64.5	0.0005859158000000	0.0006388118600000
64.6	0.0005801703000000	0.0006326908250000
64.7	0.0005744632700000	0.0006266085900000
64.8	0.0005687947150000	0.0006205652050000
64.9	0.0005631646500000	0.0006145607250000
65	0.0005575730700000	0.0006085952000000
65.1	0.0005520199650000	0.0006026686650000
65.2	0.0005465053200000	0.0005967811550000
65.3	0.0005410291300000	0.0005909326950000
65.4	0.0005355913700000	0.0005851233050000
65.5	0.0005301920100000	0.0005793530000000
65.6	0.0005248310250000	0.0005736217850000
65.7	0.0005195083750000	0.0005679296700000
65.8	0.0005142240150000	0.0005622766550000
65.9	0.0005089779050000	0.0005566627300000
66	0.0005037700000000	0.0005510878800000
66.1	0.0004986002350000	0.0005455520900000
66.2	0.0004934685550000	0.0005400553400000
66.3	0.0004883748950000	0.0005345975950000
66.4	0.0004833191900000	0.0005291788250000
66.5	0.0004783013700000	0.0005237989900000
66.6	0.0004733213550000	0.0005184580450000
66.7	0.0004683790700000	0.0005131559500000
66.8	0.0004634744250000	0.0005078926450000
66.9	0.0004586073350000	0.0005026680750000
67	0.0004537777100000	0.0004974821800000
67.1	0.0004489854550000	0.0004923348900000
67.2	0.0004442304700000	0.0004872261400000
67.3	0.0004395126450000	0.0004821558500000
67.4	0.0004348318850000	0.0004771239450000
67.5	0.0004301880800000	0.0004721303400000
67.6	0.0004255811100000	0.0004671749450000
67.7	0.0004210108650000	0.0004622576700000
67.8	0.0004164772250000	0.0004573784200000
67.9	0.0004119800700000	0.0004525371000000
68	0.0004075192700000	0.0004477336000000
68.1	0.0004030946950000	0.0004429678200000
68.2	0.0003987062250000	0.0004382396500000
68.3	0.0003943537200000	0.0004335489700000
68.4	0.0003900370400000	0.0004288956700000
68.5	0.0003857560500000	0.0004242796300000
68.6	0.0003815106100000	0.0004197007250000
68.7	0.0003773005750000	0.0004151588300000
68.8	0.0003731257950000	0.0004106538150000
68.9	0.0003689861250000	0.0004061855500000
69	0.0003648814150000	0.0004017538950000
69.1	0.0003608115100000	0.0003973587100000
69.2	0.0003567762550000	0.0003929998650000
69.3	0.0003527754900000	0.0003886772100000
69.4	0.0003488090550000	0.0003843905950000
69.5	0.0003448767900000	0.0003801398750000
69.6	0.0003409785350000	0.0003759249000000
69.7	0.0003371141250000	0.0003717455200000
69.8	0.0003332833900000	0.0003676015750000
69.9	0.0003294861650000	0.0003634929050000
70	0.0003257222750000	0.0003594193500000
70.1	0.0003219915500000	0.0003553807500000
70.2	0.0003182938250000	0.0003513769450000
70.3	0.0003146289150000	0.0003474077650000
70.4	0.0003109966450000	0.0003434730400000
70.5	0.0003073968450000	0.0003395726000000
70.6	0.0003038293300000	0.0003357062800000
70.7	0.0003002939250000	0.0003318739050000
70.8	0.0002967904500000	0.0003280752950000
70.9	0.0002933187200000	0.0003243102750000
71	0.0002898785550000	0.0003205786650000
71.1	0.0002864697650000	0.0003168802900000
71.2	0.0002830921700000	0.0003132149750000
71.3	0.0002797455900000	0.0003095825300000
71.4	0.0002764298350000	0.0003059827700000
71.5	0.0002731447150000	0.0003024155200000
71.6	0.0002698900400000	0.0002988805900000
71.7	0.0002666656300000	0.0002953777850000
71.8	0.0002634712950000	0.0002919069300000
71.9	0.0002603068400000	0.0002884678350000
72	0.0002571720800000	0.0002850603050000
72.1	0.0002540668250000	0.0002816841550000
72.2	0.0002509908850000	0.0002783391900000
72.3	0.0002479440700000	0.0002750252200000
72.4	0.0002449261850000	0.0002717420550000
72.5	0.0002419370350000	0.0002684895000000
72.6	0.0002389764350000	0.0002652673650000
72.7	0.0002360441900000	0.0002620754550000
72.8	0.0002331401100000	0.0002589135700000
72.9	0.0002302640050000	0.0002557815250000
73	0.0002274156800000	0.0002526791200000
73.1	0.0002245949450000	0.0002496061550000
73.2	0.0002218016000000	0.0002465624400000
73.3	0.0002190354600000	0.0002435477800000
73.4	0.0002162963400000	0.0002405619800000
73.5	0.0002135840400000	0.0002376048400000
73.6	0.0002108983650000	0.0002346761650000
73.7	0.0002082391300000	0.0002317757600000
73.8	0.0002056061400000	0.0002289034300000
73.9	0.0002029992050000	0.0002260589750000
74	0.0002004181400000	0.0002232422000000
74.1	0.0001978627500000	0.0002204529100000
74.2	0.0001953328500000	0.0002176909050000
74.3	0.0001928282450000	0.0002149559950000
74.4	0.0001903487450000	0.0002122479850000
74.5	0.0001878941650000	0.0002095666800000
74.6	0.0001854643200000	0.0002069118800000
74.7	0.0001830590200000	0.0002042833950000
74.8	0.0001806780750000	0.0002016810300000
74.9	0.0001783213050000	0.0001991045850000
75	0.0001759885200000	0.0001965538750000
75.1	0.0001736795300000	0.0001940287050000
75.2	0.0001713941600000	0.0001915288850000
75.3	0.0001691322250000	0.0001890542200000
75.4	0.0001668935400000	0.0001866045150000
75.5	0.0001646779250000	0.0001841795850000
75.6	0.0001624851900000	0.0001817792400000
75.7	0.0001603151600000	0.0001794032850000
75.8	0.0001581676600000	0.0001770515350000
75.9	0.0001560425050000	0.0001747238050000
76	0.0001539395200000	0.0001724199000000
76.1	0.0001518585250000	0.0001701396400000
76.2	0.0001497993400000	0.0001678828350000
76.3	0.0001477617950000	0.0001656493000000
76.4	0.0001457457150000	0.0001634388550000
76.5	0.0001437509200000	0.0001612513100000
76.6	0.0001417772400000	0.0001590864900000
76.7	0.0001398245100000	0.0001569442100000
76.8	0.0001378925500000	0.0001548242800000
76.9	0.0001359811900000	0.0001527265300000
77	0.0001340902600000	0.0001506507800000
77.1	0.0001322195950000	0.0001485968450000
77.2	0.0001303690300000	0.0001465645550000
77.3	0.0001285383950000	0.0001445537300000
77.4	0.0001267275250000	0.0001425641950000
77.5	0.0001249362550000	0.0001405957800000
77.6	0.0001231644250000	0.0001386483050000
77.7	0.0001214118650000	0.0001367215950000
77.8	0.0001196784200000	0.0001348154850000
77.9	0.0001179639300000	0.0001329298050000
78	0.0001162682300000	0.0001310643800000
78.1	0.0001145911700000	0.0001292190450000
78.2	0.0001129325900000	0.0001273936350000
78.3	0.0001112923350000	0.0001255879800000
78.4	0.0001096702450000	0.0001238019150000
78.5	0.0001080661700000	0.0001220352800000
78.6	0.0001064799600000	0.0001202879050000
78.7	0.0001049114550000	0.0001185596300000
78.8	0.0001033605100000	0.0001168503000000
78.9	0.0001018269750000	0.0001151597500000
79	0.0001003107020000	0.0001134878200000
79.1	0.0000988115455000	0.0001118343550000
79.2	0.0000973293555000	0.0001101992000000
79.3	0.0000958639885000	0.0001085822000000
79.4	0.0000944153010000	0.0001069832000000
79.5	0.0000929831495000	0.0001054020450000
79.6	0.0000915673920000	0.0001038385850000
79.7	0.0000901678880000	0.0001022926700000
79.8	0.0000887844985000	0.0001007641450000
79.9	0.0000874170845000	0.0000992528660000
80	0.0000860655085000	0.0000977586890000
80.1	0.0000847296345000	0.0000962814625000
80.2	0.0000834093270000	0.0000948210435000
80.3	0.0000821044515000	0.0000933772880000
80.4	0.0000808148750000	0.0000919500530000
80.5	0.0000795404660000	0.0000905391975000
80.6	0.0000782810935000	0.0000891445810000
80.7	0.0000770366270000	0.0000877660635000
80.8	0.0000758069380000	0.0000864035070000
80.9	0.0000745918990000	0.0000850567745000
81	0.0000733913825000	0.0000837257300000
81.1	0.0000722052635000	0.0000824102390000
81.2	0.0000710334170000	0.0000811101675000
81.3	0.0000698757190000	0.0000798253830000
81.4	0.0000687320480000	0.0000785557535000
81.5	0.0000676022820000	0.0000773011490000
81.6	0.0000664862995000	0.0000760614400000
81.7	0.0000653839815000	0.0000748364985000
81.8	0.0000642952100000	0.0000736261975000
81.9	0.0000632198665000	0.0000724304100000
82	0.0000621578345000	0.0000712490115000
82.1	0.0000611089985000	0.0000700818785000
82.2	0.0000600732440000	0.0000689288875000
82.3	0.0000590504570000	0.0000677899165000
82.4	0.0000580405245000	0.0000666648450000
82.5	0.0000570433350000	0.0000655535530000
82.6	0.0000560587770000	0.0000644559215000
82.7	0.0000550867405000	0.0000633718330000
82.8	0.0000541271170000	0.0000623011705000
82.9	0.0000531797975000	0.0000612438180000
83	0.0000522446745000	0.0000601996610000
83.1	0.0000513216420000	0.0000591685855000
83.2	0.0000504105940000	0.0000581504785000
83.3	0.0000495114255000	0.0000571452280000
83.4	0.0000486240330000	0.0000561527230000
83.5	0.0000477483130000	0.0000551728535000
83.6	0.0000468841625000	0.0000542055100000
83.7	0.0000460314805000	0.0000532505840000
83.8	0.0000451901665000	0.0000523079685000
83.9	0.0000443601200000	0.0000513775570000
84	0.0000435412420000	0.0000504592435000
84.1	0.0000427334340000	0.0000495529235000
84.2	0.0000419365975000	0.0000486584930000
84.3	0.0000411506365000	0.0000477758480000
84.4	0.0000403754545000	0.0000469048865000
84.5	0.0000396109550000	0.0000460455075000
84.6	0.0000388570435000	0.0000451976105000
84.7	0.0000381136265000	0.0000443610945000
84.8	0.0000373806100000	0.0000435358605000
84.9	0.0000366579005000	0.0000427218110000
85	0.0000359454060000	0.0000419188475000
85.1	0.0000352430345000	0.0000411268725000
85.2	0.0000345506955000	0.0000403457905000
85.3	0.0000338682990000	0.0000395755060000
85.4	0.0000331957540000	0.0000388159235000
85.5	0.0000325329715000	0.0000380669490000
85.6	0.0000318798635000	0.0000373284890000
85.7	0.0000312363415000	0.0000366004505000
85.8	0.0000306023175000	0.0000358827415000
85.9	0.0000299777045000	0.0000351752700000
86	0.0000293624165000	0.0000344779450000
86.1	0.0000287563670000	0.0000337906760000
86.2	0.0000281594700000	0.0000331133730000
86.3	0.0000275716410000	0.0000324459475000
86.4	0.0000269927955000	0.0000317883100000
86.5	0.0000264228485000	0.0000311403715000
86.6	0.0000258617170000	0.0000305020450000
86.7	0.0000253093175000	0.0000298732440000
86.8	0.0000247655670000	0.0000292538810000
86.9	0.0000242303835000	0.0000286438695000
87	0.0000237036845000	0.0000280431245000
87.1	0.0000231853885000	0.0000274515600000
87.2	0.0000226754145000	0.0000268690915000
87.3	0.0000221736810000	0.0000262956350000
87.4	0.0000216801075000	0.0000257311055000
87.5	0.0000211946145000	0.0000251754200000
87.6	0.0000207171215000	0.0000246284960000
87.7	0.0000202475490000	0.0000240902500000
87.8	0.0000197858185000	0.0000235605990000
87.9	0.0000193318505000	0.0000230394615000
88	0.0000188855660000	0.0000225267560000
88.1	0.0000184468875000	0.0000220224010000
88.2	0.0000180157365000	0.0000215263155000
88.3	0.0000175920355000	0.0000210384190000
88.4	0.0000171757070000	0.0000205586305000
88.5	0.0000167666740000	0.0000200868700000
88.6	0.0000163648595000	0.0000196230580000
88.7	0.0000159701860000	0.0000191671150000
88.8	0.0000155825780000	0.0000187189620000
88.9	0.0000152019595000	0.0000182785195000
89	0.0000148282540000	0.0000178457085000
89.1	0.0000144613855000	0.0000174204510000
89.2	0.0000141012785000	0.0000170026690000
89.3	0.0000137478580000	0.0000165922835000
89.4	0.0000134010495000	0.0000161892175000
89.5	0.0000130607775000	0.0000157933935000
89.6	0.0000127269670000	0.0000154047335000
89.7	0.0000123995435000	0.0000150231610000
89.8	0.0000120784330000	0.0000146485985000
89.9	0.0000117635620000	0.0000142809695000
90	0.0000114548560000	0.0000139201975000
90.1	0.0000111522410000	0.0000135662060000
90.2	0.0000108556440000	0.0000132189185000
90.3	0.0000105649915000	0.0000128782590000
90.4	0.0000102802105000	0.0000125441520000
90.5	0.0000100012280000	0.0000122165215000
90.6	0.0000097279707500	0.0000118952920000
90.7	0.0000094603667000	0.0000115803880000
90.8	0.0000091983433000	0.0000112717340000
90.9	0.0000089418283500	0.0000109692555000
91	0.0000086907498500	0.0000106728775000
91.1	0.0000084450359500	0.0000103825250000
91.2	0.0000082046151000	0.0000100981239000
91.3	0.0000079694158500	0.0000098195993500
91.4	0.0000077393669500	0.0000095468770000
91.5	0.0000075143974500	0.0000092798828500
91.6	0.0000072944365000	0.0000090185430500
91.7	0.0000070794134500	0.0000087627837500
91.8	0.0000068692580500	0.0000085125313000
91.9	0.0000066639001000	0.0000082677123000
92	0.0000064632696500	0.0000080282534500
92.1	0.0000062672970500	0.0000077940816000
92.2	0.0000060759128000	0.0000075651239000
92.3	0.0000058890478000	0.0000073413076500
92.4	0.0000057066330500	0.0000071225603000
92.5	0.0000055285998000	0.0000069088094500
92.6	0.0000053548797500	0.0000066999829500
92.7	0.0000051854047000	0.0000064960089000
92.8	0.0000050201068000	0.0000062968156000
92.9	0.0000048589185000	0.0000061023315500
93	0.0000047017725000	0.0000059124854000
93.1	0.0000045486018500	0.0000057272062000
93.2	0.0000043993399500	0.0000055464232000
93.3	0.0000042539204500	0.0000053700657500
93.4	0.0000041122773500	0.0000051980636500
93.5	0.0000039743451000	0.0000050303469000
93.6	0.0000038400583500	0.0000048668457500
93.7	0.0000037093522000	0.0000047074908000
93.8	0.0000035821621500	0.0000045522128500
93.9	0.0000034584240500	0.0000044009431500
94	0.0000033380741000	0.0000042536132000
94.1	0.0000032210490000	0.0000041101548000
94.2	0.0000031072858500	0.0000039705001500
94.3	0.0000029967221000	0.0000038345817500
94.4	0.0000028892957000	0.0000037023325000
94.5	0.0000027849450500	0.0000035736856500
94.6	0.0000026836090000	0.0000034485748500
94.7	0.0000025852268500	0.0000033269342000
94.8	0.0000024897384500	0.0000032086981000
94.9	0.0000023970841000	0.0000030938014500
95	0.0000023072046000	0.0000029821796000
95.1	0.0000022200413000	0.0000028737682500
95.2	0.0000021355360000	0.0000027685037000
95.3	0.0000020536310500	0.0000026663226000
95.4	0.0000019742694000	0.0000025671621500
95.5	0.0000018973946000	0.0000024709600500
95.6	0.0000018229507000	0.0000023776544500
95.7	0.0000017508822500	0.0000022871840500
95.8	0.0000016811345000	0.0000021994881000
95.9	0.0000016136533500	0.0000021145064000
96	0.0000015483852000	0.0000020321792500
96.1	0.0000014852770000	0.0000019524476000
96.2	0.0000014242765000	0.0000018752529000
96.3	0.0000013653320500	0.0000018005372500
96.4	0.0000013083925000	0.0000017282433500
96.5	0.0000012534075000	0.0000016583144500
96.6	0.0000012003273000	0.0000015906945000
96.7	0.0000011491028000	0.0000015253280500
96.8	0.0000010996856500	0.0000014621602500
96.9	0.0000010520281500	0.0000014011369500
97	0.0000010060832300	0.0000013422047500
97.1	0.0000009618045350	0.0000012853108000
97.2	0.0000009191464750	0.0000012304029500
97.3	0.0000008780641150	0.0000011774298500
97.4	0.0000008385132450	0.0000011263407000
97.5	0.0000008004503600	0.0000010770855000
97.6	0.0000007638326850	0.0000010296149500
97.7	0.0000007286181700	0.0000009838804800
97.8	0.0000006947654900	0.0000009398342650
97.9	0.0000006622340550	0.0000008974291500
98	0.0000006309840000	0.0000008566187900
98.1	0.0000006009762100	0.0000008173575800
98.2	0.0000005721723000	0.0000007796006600
98.3	0.0000005445346200	0.0000007433039250
98.4	0.0000005180262700	0.0000007084240400
98.5	0.0000004926110800	0.0000006749184400
98.6	0.0000004682536300	0.0000006427453300
98.7	0.0000004449192350	0.0000006118636850
98.8	0.0000004225739450	0.0000005822332600
98.9	0.0000004011845550	0.0000005538145800
99	0.0000003807185900	0.0000005265689550
99.1	0.0000003611443100	0.0000005004584800
99.2	0.0000003424307100	0.0000004754460200
99.3	0.0000003245475050	0.0000004514952200
99.4	0.0000003074651300	0.0000004285705100
99.5	0.0000002911547500	0.0000004066370950
99.6	0.0000002755882400	0.0000003856609550
99.7	0.0000002607381800	0.0000003656088500
99.8	0.0000002465778650	0.0000003464483000
99.9	0.0000002330812800	0.0000003281476000
100	0.0000001132478550	0.0000001596041500
100.1	0.0000000000000000	0.0000000000000000
100.2	0.0000000000000000	0.0000000000000000
100.3	0.0000000000000000	0.0000000000000000
100.4	0.0000000000000000	0.0000000000000000
100.5	0.0000000000000000	0.0000000000000000
100.6	0.0000000000000000	0.0000000000000000
100.7	0.0000000000000000	0.0000000000000000
100.8	0.0000000000000000	0.0000000000000000
100.9	0.0000000000000000	0.0000000000000000
101	0.0000000000000000	0.0000000000000000
101.1	0.0000000000000000	0.0000000000000000
101.2	0.0000000000000000	0.0000000000000000
101.3	0.0000000000000000	0.0000000000000000
101.4	0.0000000000000000	0.0000000000000000
101.5	0.0000000000000000	0.0000000000000000
101.6	0.0000000000000000	0.0000000000000000
101.7	0.0000000000000000	0.0000000000000000
101.8	0.0000000000000000	0.0000000000000000
101.9	0.0000000000000000	0.0000000000000000
102	0.0000000000000000	0.0000000000000000
102.1	0.0000000000000000	0.0000000000000000
102.2	0.0000000000000000	0.0000000000000000
102.3	0.0000000000000000	0.0000000000000000
102.4	0.0000000000000000	0.0000000000000000
102.5	0.0000000000000000	0.0000000000000000
102.6	0.0000000000000000	0.0000000000000000
102.7	0.0000000000000000	0.0000000000000000
102.8	0.0000000000000000	0.0000000000000000
102.9	0.0000000000000000	0.0000000000000000
103	0.0000000000000000	0.0000000000000000
103.1	0.0000000000000000	0.0000000000000000
103.2	0.0000000000000000	0.0000000000000000
103.3	0.0000000000000000	0.0000000000000000
103.4	0.0000000000000000	0.0000000000000000
103.5	0.0000000000000000	0.0000000000000000
103.6	0.0000000000000000	0.0000000000000000
103.7	0.0000000000000000	0.0000000000000000
103.8	0.0000000000000000	0.0000000000000000
103.9	0.0000000000000000	0.0000000000000000
104	0.0000000000000000	0.0000000000000000
104.1	0.0000000000000000	0.0000000000000000
104.2	0.0000000000000000	0.0000000000000000
104.3	0.0000000000000000	0.0000000000000000
104.4	0.0000000000000000	0.0000000000000000
104.5	0.0000000000000000	0.0000000000000000
104.6	0.0000000000000000	0.0000000000000000
104.7	0.0000000000000000	0.0000000000000000
104.8	0.0000000000000000	0.0000000000000000
104.9	0.0000000000000000	0.0000000000000000
105	0.0000000000000000	0.0000000000000000
105.1	0.0000000000000000	0.0000000000000000
105.2	0.0000000000000000	0.0000000000000000
105.3	0.0000000000000000	0.0000000000000000
105.4	0.0000000000000000	0.0000000000000000
105.5	0.0000000000000000	0.0000000000000000
105.6	0.0000000000000000	0.0000000000000000
105.7	0.0000000000000000	0.0000000000000000
105.8	0.0000000000000000	0.0000000000000000
105.9	0.0000000000000000	0.0000000000000000
106	0.0000000000000000	0.0000000000000000
106.1	0.0000000000000000	0.0000000000000000
106.2	0.0000000000000000	0.0000000000000000
106.3	0.0000000000000000	0.0000000000000000
106.4	0.0000000000000000	0.0000000000000000
106.5	0.0000000000000000	0.0000000000000000
106.6	0.0000000000000000	0.0000000000000000
106.7	0.0000000000000000	0.0000000000000000
106.8	0.0000000000000000	0.0000000000000000
106.9	0.0000000000000000	0.0000000000000000
107	0.0000000000000000	0.0000000000000000
107.1	0.0000000000000000	0.0000000000000000
107.2	0.0000000000000000	0.0000000000000000
107.3	0.0000000000000000	0.0000000000000000
107.4	0.0000000000000000	0.0000000000000000
107.5	0.0000000000000000	0.0000000000000000
107.6	0.0000000000000000	0.0000000000000000
107.7	0.0000000000000000	0.0000000000000000
107.8	0.0000000000000000	0.0000000000000000
107.9	0.0000000000000000	0.0000000000000000
108	0.0000000000000000	0.0000000000000000
108.1	0.0000000000000000	0.0000000000000000
108.2	0.0000000000000000	0.0000000000000000
108.3	0.0000000000000000	0.0000000000000000
108.4	0.0000000000000000	0.0000000000000000
108.5	0.0000000000000000	0.0000000000000000
108.6	0.0000000000000000	0.0000000000000000
108.7	0.0000000000000000	0.0000000000000000
108.8	0.0000000000000000	0.0000000000000000
108.9	0.0000000000000000	0.0000000000000000
109	0.0000000000000000	0.0000000000000000
109.1	0.0000000000000000	0.0000000000000000
109.2	0.0000000000000000	0.0000000000000000
109.3	0.0000000000000000	0.0000000000000000
109.4	0.0000000000000000	0.0000000000000000
109.5	0.0000000000000000	0.0000000000000000
109.6	0.0000000000000000	0.0000000000000000
109.7	0.0000000000000000	0.0000000000000000
109.8	0.0000000000000000	0.0000000000000000
109.9	0.0000000000000000	0.0000000000000000
110	0.0000000000000000	0.0000000000000000
110.1	0.0000000000000000	0.0000000000000000
110.2	0.0000000000000000	0.0000000000000000
110.3	0.0000000000000000	0.0000000000000000
110.4	0.0000000000000000	0.0000000000000000
110.5	0.0000000000000000	0.0000000000000000
110.6	0.0000000000000000	0.0000000000000000
110.7	0.0000000000000000	0.0000000000000000
110.8	0.0000000000000000	0.0000000000000000
110.9	0.0000000000000000	0.0000000000000000
111	0.0000000000000000	0.0000000000000000
111.1	0.0000000000000000	0.0000000000000000
111.2	0.0000000000000000	0.0000000000000000
111.3	0.0000000000000000	0.0000000000000000
111.4	0.0000000000000000	0.0000000000000000
111.5	0.0000000000000000	0.0000000000000000
111.6	0.0000000000000000	0.0000000000000000
111.7	0.0000000000000000	0.0000000000000000
111.8	0.0000000000000000	0.0000000000000000
111.9	0.0000000000000000	0.0000000000000000
112	0.0000000000000000	0.0000000000000000
112.1	0.0000000000000000	0.0000000000000000
112.2	0.0000000000000000	0.0000000000000000
112.3	0.0000000000000000	0.0000000000000000
112.4	0.0000000000000000	0.0000000000000000
112.5	0.0000000000000000	0.0000000000000000
112.6	0.0000000000000000	0.0000000000000000
112.7	0.0000000000000000	0.0000000000000000
112.8	0.0000000000000000	0.0000000000000000
112.9	0.0000000000000000	0.0000000000000000
113	0.0000000000000000	0.0000000000000000
113.1	0.0000000000000000	0.0000000000000000
113.2	0.0000000000000000	0.0000000000000000
113.3	0.0000000000000000	0.0000000000000000
113.4	0.0000000000000000	0.0000000000000000
113.5	0.0000000000000000	0.0000000000000000
113.6	0.0000000000000000	0.0000000000000000
113.7	0.0000000000000000	0.0000000000000000
113.8	0.0000000000000000	0.0000000000000000
113.9	0.0000000000000000	0.0000000000000000
114	0.0000000000000000	0.0000000000000000
114.1	0.0000000000000000	0.0000000000000000
114.2	0.0000000000000000	0.0000000000000000
114.3	0.0000000000000000	0.0000000000000000
114.4	0.0000000000000000	0.0000000000000000
114.5	0.0000000000000000	0.0000000000000000
114.6	0.0000000000000000	0.0000000000000000
114.7	0.0000000000000000	0.0000000000000000
114.8	0.0000000000000000	0.0000000000000000
114.9	0.0000000000000000	0.0000000000000000
115	0.0000000000000000	0.0000000000000000
115.1	0.0000000000000000	0.0000000000000000
115.2	0.0000000000000000	0.0000000000000000
115.3	0.0000000000000000	0.0000000000000000
115.4	0.0000000000000000	0.0000000000000000
115.5	0.0000000000000000	0.0000000000000000
115.6	0.0000000000000000	0.0000000000000000
115.7	0.0000000000000000	0.0000000000000000
115.8	0.0000000000000000	0.0000000000000000
115.9	0.0000000000000000	0.0000000000000000
116	0.0000000000000000	0.0000000000000000
116.1	0.0000000000000000	0.0000000000000000
116.2	0.0000000000000000	0.0000000000000000
116.3	0.0000000000000000	0.0000000000000000
116.4	0.0000000000000000	0.0000000000000000
116.5	0.0000000000000000	0.0000000000000000
116.6	0.0000000000000000	0.0000000000000000
116.7	0.0000000000000000	0.0000000000000000
116.8	0.0000000000000000	0.0000000000000000
116.9	0.0000000000000000	0.0000000000000000
117	0.0000000000000000	0.0000000000000000
117.1	0.0000000000000000	0.0000000000000000
117.2	0.0000000000000000	0.0000000000000000
117.3	0.0000000000000000	0.0000000000000000
117.4	0.0000000000000000	0.0000000000000000
117.5	0.0000000000000000	0.0000000000000000
117.6	0.0000000000000000	0.0000000000000000
117.7	0.0000000000000000	0.0000000000000000
117.8	0.0000000000000000	0.0000000000000000
117.9	0.0000000000000000	0.0000000000000000
118	0.0000000000000000	0.0000000000000000
118.1	0.0000000000000000	0.0000000000000000
118.2	0.0000000000000000	0.0000000000000000
118.3	0.0000000000000000	0.0000000000000000
118.4	0.0000000000000000	0.0000000000000000
118.5	0.0000000000000000	0.0000000000000000
118.6	0.0000000000000000	0.0000000000000000
118.7	0.0000000000000000	0.0000000000000000
118.8	0.0000000000000000	0.0000000000000000
118.9	0.0000000000000000	0.0000000000000000
119	0.0000000000000000	0.0000000000000000
119.1	0.0000000000000000	0.0000000000000000
119.2	0.0000000000000000	0.0000000000000000
119.3	0.0000000000000000	0.0000000000000000
119.4	0.0000000000000000	0.0000000000000000
119.5	0.0000000000000000	0.0000000000000000
119.6	0.0000000000000000	0.0000000000000000
119.7	0.0000000000000000	0.0000000000000000
119.8	0.0000000000000000	0.0000000000000000
119.9	0.0000000000000000	0.0000000000000000
120	0.0000000000000000	0.0000000000000000
120.1	0.0000000000000000	0.0000000000000000
120.2	0.0000000000000000	0.0000000000000000
120.3	0.0000000000000000	0.0000000000000000
120.4	0.0000000000000000	0.0000000000000000
120.5	0.0000000000000000	0.0000000000000000
120.6	0.0000000000000000	0.0000000000000000
120.7	0.0000000000000000	0.0000000000000000
120.8	0.0000000000000000	0.0000000000000000
120.9	0.0000000000000000	0.0000000000000000
121	0.0000000000000000	0.0000000000000000
121.1	0.0000000000000000	0.0000000000000000
121.2	0.0000000000000000	0.0000000000000000
121.3	0.0000000000000000	0.0000000000000000
121.4	0.0000000000000000	0.0000000000000000
121.5	0.0000000000000000	0.0000000000000000
121.6	0.0000000000000000	0.0000000000000000
121.7	0.0000000000000000	0.0000000000000000
121.8	0.0000000000000000	0.0000000000000000
121.9	0.0000000000000000	0.0000000000000000
122	0.0000000000000000	0.0000000000000000
122.1	0.0000000000000000	0.0000000000000000
122.2	0.0000000000000000	0.0000000000000000
122.3	0.0000000000000000	0.0000000000000000
122.4	0.0000000000000000	0.0000000000000000
122.5	0.0000000000000000	0.0000000000000000
122.6	0.0000000000000000	0.0000000000000000
122.7	0.0000000000000000	0.0000000000000000
122.8	0.0000000000000000	0.0000000000000000
122.9	0.0000000000000000	0.0000000000000000
123	0.0000000000000000	0.0000000000000000
123.1	0.0000000000000000	0.0000000000000000
123.2	0.0000000000000000	0.0000000000000000
123.3	0.0000000000000000	0.0000000000000000
123.4	0.0000000000000000	0.0000000000000000
123.5	0.0000000000000000	0.0000000000000000
123.6	0.0000000000000000	0.0000000000000000
123.7	0.0000000000000000	0.0000000000000000
123.8	0.0000000000000000	0.0000000000000000
123.9	0.0000000000000000	0.0000000000000000
124	0.0000000000000000	0.0000000000000000
124.1	0.0000000000000000	0.0000000000000000
124.2	0.0000000000000000	0.0000000000000000
124.3	0.0000000000000000	0.0000000000000000
124.4	0.0000000000000000	0.0000000000000000
124.5	0.0000000000000000	0.0000000000000000
124.6	0.0000000000000000	0.0000000000000000
124.7	0.0000000000000000	0.0000000000000000
124.8	0.0000000000000000	0.0000000000000000
124.9	0.0000000000000000	0.0000000000000000
125	0.0000000000000000	0.0000000000000000
125.1	0.0000000000000000	0.0000000000000000
125.2	0.0000000000000000	0.0000000000000000
125.3	0.0000000000000000	0.0000000000000000
125.4	0.0000000000000000	0.0000000000000000
125.5	0.0000000000000000	0.0000000000000000
125.6	0.0000000000000000	0.0000000000000000
125.7	0.0000000000000000	0.0000000000000000
125.8	0.0000000000000000	0.0000000000000000
125.9	0.0000000000000000	0.0000000000000000
126	0.0000000000000000	0.0000000000000000
126.1	0.0000000000000000	0.0000000000000000
126.2	0.0000000000000000	0.0000000000000000
126.3	0.0000000000000000	0.0000000000000000
126.4	0.0000000000000000	0.0000000000000000
126.5	0.0000000000000000	0.0000000000000000
126.6	0.0000000000000000	0.0000000000000000
126.7	0.0000000000000000	0.0000000000000000
126.8	0.0000000000000000	0.0000000000000000
126.9	0.0000000000000000	0.0000000000000000
127	0.0000000000000000	0.0000000000000000
127.1	0.0000000000000000	0.0000000000000000
127.2	0.0000000000000000	0.0000000000000000
127.3	0.0000000000000000	0.0000000000000000
127.4	0.0000000000000000	0.0000000000000000
127.5	0.0000000000000000	0.0000000000000000
127.6	0.0000000000000000	0.0000000000000000
127.7	0.0000000000000000	0.0000000000000000
127.8	0.0000000000000000	0.0000000000000000
127.9	0.0000000000000000	0.0000000000000000
128	0.0000000000000000	0.0000000000000000
128.1	0.0000000000000000	0.0000000000000000
128.2	0.0000000000000000	0.0000000000000000
128.3	0.0000000000000000	0.0000000000000000
128.4	0.0000000000000000	0.0000000000000000
128.5	0.0000000000000000	0.0000000000000000
128.6	0.0000000000000000	0.0000000000000000
128.7	0.0000000000000000	0.0000000000000000
128.8	0.0000000000000000	0.0000000000000000
128.9	0.0000000000000000	0.0000000000000000
129	0.0000000000000000	0.0000000000000000
129.1	0.0000000000000000	0.0000000000000000
129.2	0.0000000000000000	0.0000000000000000
129.3	0.0000000000000000	0.0000000000000000
129.4	0.0000000000000000	0.0000000000000000
129.5	0.0000000000000000	0.0000000000000000
129.6	0.0000000000000000	0.0000000000000000
129.7	0.0000000000000000	0.0000000000000000
129.8	0.0000000000000000	0.0000000000000000
129.9	0.0000000000000000	0.0000000000000000
130	0.0000000000000000	0.0000000000000000
130.1	0.0000000000000000	0.0000000000000000
130.2	0.0000000000000000	0.0000000000000000
130.3	0.0000000000000000	0.0000000000000000
130.4	0.0000000000000000	0.0000000000000000
130.5	0.0000000000000000	0.0000000000000000
130.6	0.0000000000000000	0.0000000000000000
130.7	0.0000000000000000	0.0000000000000000
130.8	0.0000000000000000	0.0000000000000000
130.9	0.0000000000000000	0.0000000000000000
131	0.0000000000000000	0.0000000000000000
131.1	0.0000000000000000	0.0000000000000000
131.2	0.0000000000000000	0.0000000000000000
131.3	0.0000000000000000	0.0000000000000000
131.4	0.0000000000000000	0.0000000000000000
131.5	0.0000000000000000	0.0000000000000000
131.6	0.0000000000000000	0.0000000000000000
131.7	0.0000000000000000	0.0000000000000000
131.8	0.0000000000000000	0.0000000000000000
131.9	0.0000000000000000	0.0000000000000000
132	0.0000000000000000	0.0000000000000000
132.1	0.0000000000000000	0.0000000000000000
132.2	0.0000000000000000	0.0000000000000000
132.3	0.0000000000000000	0.0000000000000000
132.4	0.0000000000000000	0.0000000000000000
132.5	0.0000000000000000	0.0000000000000000
132.6	0.0000000000000000	0.0000000000000000
132.7	0.0000000000000000	0.0000000000000000
132.8	0.0000000000000000	0.0000000000000000
132.9	0.0000000000000000	0.0000000000000000
133	0.0000000000000000	0.0000000000000000
133.1	0.0000000000000000	0.0000000000000000
133.2	0.0000000000000000	0.0000000000000000
133.3	0.0000000000000000	0.0000000000000000
133.4	0.0000000000000000	0.0000000000000000
133.5	0.0000000000000000	0.0000000000000000
133.6	0.0000000000000000	0.0000000000000000
133.7	0.0000000000000000	0.0000000000000000
133.8	0.0000000000000000	0.0000000000000000
133.9	0.0000000000000000	0.0000000000000000
134	0.0000000000000000	0.0000000000000000
134.1	0.0000000000000000	0.0000000000000000
134.2	0.0000000000000000	0.0000000000000000
134.3	0.0000000000000000	0.0000000000000000
134.4	0.0000000000000000	0.0000000000000000
134.5	0.0000000000000000	0.0000000000000000
134.6	0.0000000000000000	0.0000000000000000
134.7	0.0000000000000000	0.0000000000000000
134.8	0.0000000000000000	0.0000000000000000
134.9	0.0000000000000000	0.0000000000000000
135	0.0000000000000000	0.0000000000000000
135.1	0.0000000000000000	0.0000000000000000
135.2	0.0000000000000000	0.0000000000000000
135.3	0.0000000000000000	0.0000000000000000
135.4	0.0000000000000000	0.0000000000000000
135.5	0.0000000000000000	0.0000000000000000
135.6	0.0000000000000000	0.0000000000000000
135.7	0.0000000000000000	0.0000000000000000
135.8	0.0000000000000000	0.0000000000000000
135.9	0.0000000000000000	0.0000000000000000
136	0.0000000000000000	0.0000000000000000
136.1	0.0000000000000000	0.0000000000000000
136.2	0.0000000000000000	0.0000000000000000
136.3	0.0000000000000000	0.0000000000000000
136.4	0.0000000000000000	0.0000000000000000
136.5	0.0000000000000000	0.0000000000000000
136.6	0.0000000000000000	0.0000000000000000
136.7	0.0000000000000000	0.0000000000000000
136.8	0.0000000000000000	0.0000000000000000
136.9	0.0000000000000000	0.0000000000000000
137	0.0000000000000000	0.0000000000000000
137.1	0.0000000000000000	0.0000000000000000
137.2	0.0000000000000000	0.0000000000000000
137.3	0.0000000000000000	0.0000000000000000
137.4	0.0000000000000000	0.0000000000000000
137.5	0.0000000000000000	0.0000000000000000
137.6	0.0000000000000000	0.0000000000000000
137.7	0.0000000000000000	0.0000000000000000
137.8	0.0000000000000000	0.0000000000000000
137.9	0.0000000000000000	0.0000000000000000
138	0.0000000000000000	0.0000000000000000
138.1	0.0000000000000000	0.0000000000000000
138.2	0.0000000000000000	0.0000000000000000
138.3	0.0000000000000000	0.0000000000000000
138.4	0.0000000000000000	0.0000000000000000
138.5	0.0000000000000000	0.0000000000000000
138.6	0.0000000000000000	0.0000000000000000
138.7	0.0000000000000000	0.0000000000000000
138.8	0.0000000000000000	0.0000000000000000
138.9	0.0000000000000000	0.0000000000000000
139	0.0000000000000000	0.0000000000000000
139.1	0.0000000000000000	0.0000000000000000
139.2	0.0000000000000000	0.0000000000000000
139.3	0.0000000000000000	0.0000000000000000
139.4	0.0000000000000000	0.0000000000000000
139.5	0.0000000000000000	0.0000000000000000
139.6	0.0000000000000000	0.0000000000000000
139.7	0.0000000000000000	0.0000000000000000
139.8	0.0000000000000000	0.0000000000000000
139.9	0.0000000000000000	0.0000000000000000
140	0.0000000000000000	0.0000000000000000
140.1	0.0000000000000000	0.0000000000000000
140.2	0.0000000000000000	0.0000000000000000
140.3	0.0000000000000000	0.0000000000000000
140.4	0.0000000000000000	0.0000000000000000
140.5	0.0000000000000000	0.0000000000000000
140.6	0.0000000000000000	0.0000000000000000
140.7	0.0000000000000000	0.0000000000000000
140.8	0.0000000000000000	0.0000000000000000
140.9	0.0000000000000000	0.0000000000000000
141	0.0000000000000000	0.0000000000000000
141.1	0.0000000000000000	0.0000000000000000
141.2	0.0000000000000000	0.0000000000000000
141.3	0.0000000000000000	0.0000000000000000
141.4	0.0000000000000000	0.0000000000000000
141.5	0.0000000000000000	0.0000000000000000
141.6	0.0000000000000000	0.0000000000000000
141.7	0.0000000000000000	0.0000000000000000
141.8	0.0000000000000000	0.0000000000000000
141.9	0.0000000000000000	0.0000000000000000
142	0.0000000000000000	0.0000000000000000
142.1	0.0000000000000000	0.0000000000000000
142.2	0.0000000000000000	0.0000000000000000
142.3	0.0000000000000000	0.0000000000000000
142.4	0.0000000000000000	0.0000000000000000
142.5	0.0000000000000000	0.0000000000000000
142.6	0.0000000000000000	0.0000000000000000
142.7	0.0000000000000000	0.0000000000000000
142.8	0.0000000000000000	0.0000000000000000
142.9	0.0000000000000000	0.0000000000000000
143	0.0000000000000000	0.0000000000000000
143.1	0.0000000000000000	0.0000000000000000
143.2	0.0000000000000000	0.0000000000000000
143.3	0.0000000000000000	0.0000000000000000
143.4	0.0000000000000000	0.0000000000000000
143.5	0.0000000000000000	0.0000000000000000
143.6	0.0000000000000000	0.0000000000000000
143.7	0.0000000000000000	0.0000000000000000
143.8	0.0000000000000000	0.0000000000000000
143.9	0.0000000000000000	0.0000000000000000
144	0.0000000000000000	0.0000000000000000
144.1	0.0000000000000000	0.0000000000000000
144.2	0.0000000000000000	0.0000000000000000
144.3	0.0000000000000000	0.0000000000000000
144.4	0.0000000000000000	0.0000000000000000
144.5	0.0000000000000000	0.0000000000000000
144.6	0.0000000000000000	0.0000000000000000
144.7	0.0000000000000000	0.0000000000000000
144.8	0.0000000000000000	0.0000000000000000
144.9	0.0000000000000000	0.0000000000000000
145	0.0000000000000000	0.0000000000000000
145.1	0.0000000000000000	0.0000000000000000
145.2	0.0000000000000000	0.0000000000000000
145.3	0.0000000000000000	0.0000000000000000
145.4	0.0000000000000000	0.0000000000000000
145.5	0.0000000000000000	0.0000000000000000
145.6	0.0000000000000000	0.0000000000000000
145.7	0.0000000000000000	0.0000000000000000
145.8	0.0000000000000000	0.0000000000000000
145.9	0.0000000000000000	0.0000000000000000
146	0.0000000000000000	0.0000000000000000
146.1	0.0000000000000000	0.0000000000000000
146.2	0.0000000000000000	0.0000000000000000
146.3	0.0000000000000000	0.0000000000000000
146.4	0.0000000000000000	0.0000000000000000
146.5	0.0000000000000000	0.0000000000000000
146.6	0.0000000000000000	0.0000000000000000
146.7	0.0000000000000000	0.0000000000000000
146.8	0.0000000000000000	0.0000000000000000
146.9	0.0000000000000000	0.0000000000000000
147	0.0000000000000000	0.0000000000000000
147.1	0.0000000000000000	0.0000000000000000
147.2	0.0000000000000000	0.0000000000000000
147.3	0.0000000000000000	0.0000000000000000
147.4	0.0000000000000000	0.0000000000000000
147.5	0.0000000000000000	0.0000000000000000
147.6	0.0000000000000000	0.0000000000000000
147.7	0.0000000000000000	0.0000000000000000
147.8	0.0000000000000000	0.0000000000000000
147.9	0.0000000000000000	0.0000000000000000
148	0.0000000000000000	0.0000000000000000
148.1	0.0000000000000000	0.0000000000000000
148.2	0.0000000000000000	0.0000000000000000
148.3	0.0000000000000000	0.0000000000000000
148.4	0.0000000000000000	0.0000000000000000
148.5	0.0000000000000000	0.0000000000000000
148.6	0.0000000000000000	0.0000000000000000
148.7	0.0000000000000000	0.0000000000000000
148.8	0.0000000000000000	0.0000000000000000
148.9	0.0000000000000000	0.0000000000000000
149	0.0000000000000000	0.0000000000000000
149.1	0.0000000000000000	0.0000000000000000
149.2	0.0000000000000000	0.0000000000000000
149.3	0.0000000000000000	0.0000000000000000
149.4	0.0000000000000000	0.0000000000000000
149.5	0.0000000000000000	0.0000000000000000
149.6	0.0000000000000000	0.0000000000000000
149.7	0.0000000000000000	0.0000000000000000
149.8	0.0000000000000000	0.0000000000000000
149.9	0.0000000000000000	0.0000000000000000
150	0.0000000000000000	0.0000000000000000
150.1	0.0000000000000000	0.0000000000000000
150.2	0.0000000000000000	0.0000000000000000
150.3	0.0000000000000000	0.0000000000000000
150.4	0.0000000000000000	0.0000000000000000
150.5	0.0000000000000000	0.0000000000000000
150.6	0.0000000000000000	0.0000000000000000
150.7	0.0000000000000000	0.0000000000000000
150.8	0.0000000000000000	0.0000000000000000
150.9	0.0000000000000000	0.0000000000000000
151	0.0000000000000000	0.0000000000000000
151.1	0.0000000000000000	0.0000000000000000
151.2	0.0000000000000000	0.0000000000000000
151.3	0.0000000000000000	0.0000000000000000
151.4	0.0000000000000000	0.0000000000000000
151.5	0.0000000000000000	0.0000000000000000
151.6	0.0000000000000000	0.0000000000000000
151.7	0.0000000000000000	0.0000000000000000
151.8	0.0000000000000000	0.0000000000000000
151.9	0.0000000000000000	0.0000000000000000
152	0.0000000000000000	0.0000000000000000
152.1	0.0000000000000000	0.0000000000000000
152.2	0.0000000000000000	0.0000000000000000
152.3	0.0000000000000000	0.0000000000000000
152.4	0.0000000000000000	0.0000000000000000
152.5	0.0000000000000000	0.0000000000000000
152.6	0.0000000000000000	0.0000000000000000
152.7	0.0000000000000000	0.0000000000000000
152.8	0.0000000000000000	0.0000000000000000
152.9	0.0000000000000000	0.0000000000000000
153	0.0000000000000000	0.0000000000000000
153.1	0.0000000000000000	0.0000000000000000
153.2	0.0000000000000000	0.0000000000000000
153.3	0.0000000000000000	0.0000000000000000
153.4	0.0000000000000000	0.0000000000000000
153.5	0.0000000000000000	0.0000000000000000
153.6	0.0000000000000000	0.0000000000000000
153.7	0.0000000000000000	0.0000000000000000
153.8	0.0000000000000000	0.0000000000000000
153.9	0.0000000000000000	0.0000000000000000
154	0.0000000000000000	0.0000000000000000
154.1	0.0000000000000000	0.0000000000000000
154.2	0.0000000000000000	0.0000000000000000
154.3	0.0000000000000000	0.0000000000000000
154.4	0.0000000000000000	0.0000000000000000
154.5	0.0000000000000000	0.0000000000000000
154.6	0.0000000000000000	0.0000000000000000
154.7	0.0000000000000000	0.0000000000000000
154.8	0.0000000000000000	0.0000000000000000
154.9	0.0000000000000000	0.0000000000000000
155	0.0000000000000000	0.0000000000000000
155.1	0.0000000000000000	0.0000000000000000
155.2	0.0000000000000000	0.0000000000000000
155.3	0.0000000000000000	0.0000000000000000
155.4	0.0000000000000000	0.0000000000000000
155.5	0.0000000000000000	0.0000000000000000
155.6	0.0000000000000000	0.0000000000000000
155.7	0.0000000000000000	0.0000000000000000
155.8	0.0000000000000000	0.0000000000000000
155.9	0.0000000000000000	0.0000000000000000
156	0.0000000000000000	0.0000000000000000
156.1	0.0000000000000000	0.0000000000000000
156.2	0.0000000000000000	0.0000000000000000
156.3	0.0000000000000000	0.0000000000000000
156.4	0.0000000000000000	0.0000000000000000
156.5	0.0000000000000000	0.0000000000000000
156.6	0.0000000000000000	0.0000000000000000
156.7	0.0000000000000000	0.0000000000000000
156.8	0.0000000000000000	0.0000000000000000
156.9	0.0000000000000000	0.0000000000000000
157	0.0000000000000000	0.0000000000000000
157.1	0.0000000000000000	0.0000000000000000
157.2	0.0000000000000000	0.0000000000000000
157.3	0.0000000000000000	0.0000000000000000
157.4	0.0000000000000000	0.0000000000000000
157.5	0.0000000000000000	0.0000000000000000
157.6	0.0000000000000000	0.0000000000000000
157.7	0.0000000000000000	0.0000000000000000
157.8	0.0000000000000000	0.0000000000000000
157.9	0.0000000000000000	0.0000000000000000
158	0.0000000000000000	0.0000000000000000
158.1	0.0000000000000000	0.0000000000000000
158.2	0.0000000000000000	0.0000000000000000
158.3	0.0000000000000000	0.0000000000000000
158.4	0.0000000000000000	0.0000000000000000
158.5	0.0000000000000000	0.0000000000000000
158.6	0.0000000000000000	0.0000000000000000
158.7	0.0000000000000000	0.0000000000000000
158.8	0.0000000000000000	0.0000000000000000
158.9	0.0000000000000000	0.0000000000000000
159	0.0000000000000000	0.0000000000000000
159.1	0.0000000000000000	0.0000000000000000
159.2	0.0000000000000000	0.0000000000000000
159.3	0.0000000000000000	0.0000000000000000
159.4	0.0000000000000000	0.0000000000000000
159.5	0.0000000000000000	0.0000000000000000
159.6	0.0000000000000000	0.0000000000000000
159.7	0.0000000000000000	0.0000000000000000
159.8	0.0000000000000000	0.0000000000000000
159.9	0.0000000000000000	0.0000000000000000
160	0.0000000000000000	0.0000000000000000
160.1	0.0000000000000000	0.0000000000000000
160.2	0.0000000000000000	0.0000000000000000
160.3	0.0000000000000000	0.0000000000000000
160.4	0.0000000000000000	0.0000000000000000
160.5	0.0000000000000000	0.0000000000000000
160.6	0.0000000000000000	0.0000000000000000
160.7	0.0000000000000000	0.0000000000000000
160.8	0.0000000000000000	0.0000000000000000
160.9	0.0000000000000000	0.0000000000000000
161	0.0000000000000000	0.0000000000000000
161.1	0.0000000000000000	0.0000000000000000
161.2	0.0000000000000000	0.0000000000000000
161.3	0.0000000000000000	0.0000000000000000
161.4	0.0000000000000000	0.0000000000000000
161.5	0.0000000000000000	0.0000000000000000
161.6	0.0000000000000000	0.0000000000000000
161.7	0.0000000000000000	0.0000000000000000
161.8	0.0000000000000000	0.0000000000000000
161.9	0.0000000000000000	0.0000000000000000
162	0.0000000000000000	0.0000000000000000
162.1	0.0000000000000000	0.0000000000000000
162.2	0.0000000000000000	0.0000000000000000
162.3	0.0000000000000000	0.0000000000000000
162.4	0.0000000000000000	0.0000000000000000
162.5	0.0000000000000000	0.0000000000000000
162.6	0.0000000000000000	0.0000000000000000
162.7	0.0000000000000000	0.0000000000000000
162.8	0.0000000000000000	0.0000000000000000
162.9	0.0000000000000000	0.0000000000000000
163	0.0000000000000000	0.0000000000000000
163.1	0.0000000000000000	0.0000000000000000
163.2	0.0000000000000000	0.0000000000000000
163.3	0.0000000000000000	0.0000000000000000
163.4	0.0000000000000000	0.0000000000000000
163.5	0.0000000000000000	0.0000000000000000
163.6	0.0000000000000000	0.0000000000000000
163.7	0.0000000000000000	0.0000000000000000
163.8	0.0000000000000000	0.0000000000000000
163.9	0.0000000000000000	0.0000000000000000
164	0.0000000000000000	0.0000000000000000
164.1	0.0000000000000000	0.0000000000000000
164.2	0.0000000000000000	0.0000000000000000
164.3	0.0000000000000000	0.0000000000000000
164.4	0.0000000000000000	0.0000000000000000
164.5	0.0000000000000000	0.0000000000000000
164.6	0.0000000000000000	0.0000000000000000
164.7	0.0000000000000000	0.0000000000000000
164.8	0.0000000000000000	0.0000000000000000
164.9	0.0000000000000000	0.0000000000000000
165	0.0000000000000000	0.0000000000000000
165.1	0.0000000000000000	0.0000000000000000
165.2	0.0000000000000000	0.0000000000000000
165.3	0.0000000000000000	0.0000000000000000
165.4	0.0000000000000000	0.0000000000000000
165.5	0.0000000000000000	0.0000000000000000
165.6	0.0000000000000000	0.0000000000000000
165.7	0.0000000000000000	0.0000000000000000
165.8	0.0000000000000000	0.0000000000000000
165.9	0.0000000000000000	0.0000000000000000
166	0.0000000000000000	0.0000000000000000
166.1	0.0000000000000000	0.0000000000000000
166.2	0.0000000000000000	0.0000000000000000
166.3	0.0000000000000000	0.0000000000000000
166.4	0.0000000000000000	0.0000000000000000
166.5	0.0000000000000000	0.0000000000000000
166.6	0.0000000000000000	0.0000000000000000
166.7	0.0000000000000000	0.0000000000000000
166.8	0.0000000000000000	0.0000000000000000
166.9	0.0000000000000000	0.0000000000000000
167	0.0000000000000000	0.0000000000000000
167.1	0.0000000000000000	0.0000000000000000
167.2	0.0000000000000000	0.0000000000000000
167.3	0.0000000000000000	0.0000000000000000
167.4	0.0000000000000000	0.0000000000000000
167.5	0.0000000000000000	0.0000000000000000
167.6	0.0000000000000000	0.0000000000000000
167.7	0.0000000000000000	0.0000000000000000
167.8	0.0000000000000000	0.0000000000000000
167.9	0.0000000000000000	0.0000000000000000
168	0.0000000000000000	0.0000000000000000
168.1	0.0000000000000000	0.0000000000000000
168.2	0.0000000000000000	0.0000000000000000
168.3	0.0000000000000000	0.0000000000000000
168.4	0.0000000000000000	0.0000000000000000
168.5	0.0000000000000000	0.0000000000000000
168.6	0.0000000000000000	0.0000000000000000
168.7	0.0000000000000000	0.0000000000000000
168.8	0.0000000000000000	0.0000000000000000
168.9	0.0000000000000000	0.0000000000000000
169	0.0000000000000000	0.0000000000000000
169.1	0.0000000000000000	0.0000000000000000
169.2	0.0000000000000000	0.0000000000000000
169.3	0.0000000000000000	0.0000000000000000
169.4	0.0000000000000000	0.0000000000000000
169.5	0.0000000000000000	0.0000000000000000
169.6	0.0000000000000000	0.0000000000000000
169.7	0.0000000000000000	0.0000000000000000
169.8	0.0000000000000000	0.0000000000000000
169.9	0.0000000000000000	0.0000000000000000
170	0.0000000000000000	0.0000000000000000
170.1	0.0000000000000000	0.0000000000000000
170.2	0.0000000000000000	0.0000000000000000
170.3	0.0000000000000000	0.0000000000000000
170.4	0.0000000000000000	0.0000000000000000
170.5	0.0000000000000000	0.0000000000000000
170.6	0.0000000000000000	0.0000000000000000
170.7	0.0000000000000000	0.0000000000000000
170.8	0.0000000000000000	0.0000000000000000
170.9	0.0000000000000000	0.0000000000000000
171	0.0000000000000000	0.0000000000000000
171.1	0.0000000000000000	0.0000000000000000
171.2	0.0000000000000000	0.0000000000000000
171.3	0.0000000000000000	0.0000000000000000
171.4	0.0000000000000000	0.0000000000000000
171.5	0.0000000000000000	0.0000000000000000
171.6	0.0000000000000000	0.0000000000000000
171.7	0.0000000000000000	0.0000000000000000
171.8	0.0000000000000000	0.0000000000000000
171.9	0.0000000000000000	0.0000000000000000
172	0.0000000000000000	0.0000000000000000
172.1	0.0000000000000000	0.0000000000000000
172.2	0.0000000000000000	0.0000000000000000
172.3	0.0000000000000000	0.0000000000000000
172.4	0.0000000000000000	0.0000000000000000
172.5	0.0000000000000000	0.0000000000000000
172.6	0.0000000000000000	0.0000000000000000
172.7	0.0000000000000000	0.0000000000000000
172.8	0.0000000000000000	0.0000000000000000
172.9	0.0000000000000000	0.0000000000000000
173	0.0000000000000000	0.0000000000000000
173.1	0.0000000000000000	0.0000000000000000
173.2	0.0000000000000000	0.0000000000000000
173.3	0.0000000000000000	0.0000000000000000
173.4	0.0000000000000000	0.0000000000000000
173.5	0.0000000000000000	0.0000000000000000
173.6	0.0000000000000000	0.0000000000000000
173.7	0.0000000000000000	0.0000000000000000
173.8	0.0000000000000000	0.0000000000000000
173.9	0.0000000000000000	0.0000000000000000
174	0.0000000000000000	0.0000000000000000
174.1	0.0000000000000000	0.0000000000000000
174.2	0.0000000000000000	0.0000000000000000
174.3	0.0000000000000000	0.0000000000000000
174.4	0.0000000000000000	0.0000000000000000
174.5	0.0000000000000000	0.0000000000000000
174.6	0.0000000000000000	0.0000000000000000
174.7	0.0000000000000000	0.0000000000000000
174.8	0.0000000000000000	0.0000000000000000
174.9	0.0000000000000000	0.0000000000000000
175	0.0000000000000000	0.0000000000000000
175.1	0.0000000000000000	0.0000000000000000
175.2	0.0000000000000000	0.0000000000000000
175.3	0.0000000000000000	0.0000000000000000
175.4	0.0000000000000000	0.0000000000000000
175.5	0.0000000000000000	0.0000000000000000
175.6	0.0000000000000000	0.0000000000000000
175.7	0.0000000000000000	0.0000000000000000
175.8	0.0000000000000000	0.0000000000000000
175.9	0.0000000000000000	0.0000000000000000
176	0.0000000000000000	0.0000000000000000
176.1	0.0000000000000000	0.0000000000000000
176.2	0.0000000000000000	0.0000000000000000
176.3	0.0000000000000000	0.0000000000000000
176.4	0.0000000000000000	0.0000000000000000
176.5	0.0000000000000000	0.0000000000000000
176.6	0.0000000000000000	0.0000000000000000
176.7	0.0000000000000000	0.0000000000000000
176.8	0.0000000000000000	0.0000000000000000
176.9	0.0000000000000000	0.0000000000000000
177	0.0000000000000000	0.0000000000000000
177.1	0.0000000000000000	0.0000000000000000
177.2	0.0000000000000000	0.0000000000000000
177.3	0.0000000000000000	0.0000000000000000
177.4	0.0000000000000000	0.0000000000000000
177.5	0.0000000000000000	0.0000000000000000
177.6	0.0000000000000000	0.0000000000000000
177.7	0.0000000000000000	0.0000000000000000
177.8	0.0000000000000000	0.0000000000000000
177.9	0.0000000000000000	0.0000000000000000
178	0.0000000000000000	0.0000000000000000
178.1	0.0000000000000000	0.0000000000000000
178.2	0.0000000000000000	0.0000000000000000
178.3	0.0000000000000000	0.0000000000000000
178.4	0.0000000000000000	0.0000000000000000
178.5	0.0000000000000000	0.0000000000000000
178.6	0.0000000000000000	0.0000000000000000
178.7	0.0000000000000000	0.0000000000000000
178.8	0.0000000000000000	0.0000000000000000
178.9	0.0000000000000000	0.0000000000000000
179	0.0000000000000000	0.0000000000000000
179.1	0.0000000000000000	0.0000000000000000
179.2	0.0000000000000000	0.0000000000000000
179.3	0.0000000000000000	0.0000000000000000
179.4	0.0000000000000000	0.0000000000000000
179.5	0.0000000000000000	0.0000000000000000
179.6	0.0000000000000000	0.0000000000000000
179.7	0.0000000000000000	0.0000000000000000
179.8	0.0000000000000000	0.0000000000000000
179.9	0.0000000000000000	0.0000000000000000
180	0.0000000000000000	0.0000000000000000
180.1	0.0000000000000000	0.0000000000000000
180.2	0.0000000000000000	0.0000000000000000
180.3	0.0000000000000000	0.0000000000000000
180.4	0.0000000000000000	0.0000000000000000
180.5	0.0000000000000000	0.0000000000000000
180.6	0.0000000000000000	0.0000000000000000
180.7	0.0000000000000000	0.0000000000000000
180.8	0.0000000000000000	0.0000000000000000
180.9	0.0000000000000000	0.0000000000000000
181	0.0000000000000000	0.0000000000000000
181.1	0.0000000000000000	0.0000000000000000
181.2	0.0000000000000000	0.0000000000000000
181.3	0.0000000000000000	0.0000000000000000
181.4	0.0000000000000000	0.0000000000000000
181.5	0.0000000000000000	0.0000000000000000
181.6	0.0000000000000000	0.0000000000000000
181.7	0.0000000000000000	0.0000000000000000
181.8	0.0000000000000000	0.0000000000000000
181.9	0.0000000000000000	0.0000000000000000
182	0.0000000000000000	0.0000000000000000
182.1	0.0000000000000000	0.0000000000000000
182.2	0.0000000000000000	0.0000000000000000
182.3	0.0000000000000000	0.0000000000000000
182.4	0.0000000000000000	0.0000000000000000
182.5	0.0000000000000000	0.0000000000000000
182.6	0.0000000000000000	0.0000000000000000
182.7	0.0000000000000000	0.0000000000000000
182.8	0.0000000000000000	0.0000000000000000
182.9	0.0000000000000000	0.0000000000000000
183	0.0000000000000000	0.0000000000000000
183.1	0.0000000000000000	0.0000000000000000
183.2	0.0000000000000000	0.0000000000000000
183.3	0.0000000000000000	0.0000000000000000
183.4	0.0000000000000000	0.0000000000000000
183.5	0.0000000000000000	0.0000000000000000
183.6	0.0000000000000000	0.0000000000000000
183.7	0.0000000000000000	0.0000000000000000
183.8	0.0000000000000000	0.0000000000000000
183.9	0.0000000000000000	0.0000000000000000
184	0.0000000000000000	0.0000000000000000
184.1	0.0000000000000000	0.0000000000000000
184.2	0.0000000000000000	0.0000000000000000
184.3	0.0000000000000000	0.0000000000000000
184.4	0.0000000000000000	0.0000000000000000
184.5	0.0000000000000000	0.0000000000000000
184.6	0.0000000000000000	0.0000000000000000
184.7	0.0000000000000000	0.0000000000000000
184.8	0.0000000000000000	0.0000000000000000
184.9	0.0000000000000000	0.0000000000000000
185	0.0000000000000000	0.0000000000000000
185.1	0.0000000000000000	0.0000000000000000
185.2	0.0000000000000000	0.0000000000000000
185.3	0.0000000000000000	0.0000000000000000
185.4	0.0000000000000000	0.0000000000000000
185.5	0.0000000000000000	0.0000000000000000
185.6	0.0000000000000000	0.0000000000000000
185.7	0.0000000000000000	0.0000000000000000
185.8	0.0000000000000000	0.0000000000000000
185.9	0.0000000000000000	0.0000000000000000
186	0.0000000000000000	0.0000000000000000
186.1	0.0000000000000000	0.0000000000000000
186.2	0.0000000000000000	0.0000000000000000
186.3	0.0000000000000000	0.0000000000000000
186.4	0.0000000000000000	0.0000000000000000
186.5	0.0000000000000000	0.0000000000000000
186.6	0.0000000000000000	0.0000000000000000
186.7	0.0000000000000000	0.0000000000000000
186.8	0.0000000000000000	0.0000000000000000
186.9	0.0000000000000000	0.0000000000000000
187	0.0000000000000000	0.0000000000000000
187.1	0.0000000000000000	0.0000000000000000
187.2	0.0000000000000000	0.0000000000000000
187.3	0.0000000000000000	0.0000000000000000
187.4	0.0000000000000000	0.0000000000000000
187.5	0.0000000000000000	0.0000000000000000
187.6	0.0000000000000000	0.0000000000000000
187.7	0.0000000000000000	0.0000000000000000
187.8	0.0000000000000000	0.0000000000000000
187.9	0.0000000000000000	0.0000000000000000
188	0.0000000000000000	0.0000000000000000
188.1	0.0000000000000000	0.0000000000000000
188.2	0.0000000000000000	0.0000000000000000
188.3	0.0000000000000000	0.0000000000000000
188.4	0.0000000000000000	0.0000000000000000
188.5	0.0000000000000000	0.0000000000000000
188.6	0.0000000000000000	0.0000000000000000
188.7	0.0000000000000000	0.0000000000000000
188.8	0.0000000000000000	0.0000000000000000
188.9	0.0000000000000000	0.0000000000000000
189	0.0000000000000000	0.0000000000000000
189.1	0.0000000000000000	0.0000000000000000
189.2	0.0000000000000000	0.0000000000000000
189.3	0.0000000000000000	0.0000000000000000
189.4	0.0000000000000000	0.0000000000000000
189.5	0.0000000000000000	0.0000000000000000
189.6	0.0000000000000000	0.0000000000000000
189.7	0.0000000000000000	0.0000000000000000
189.8	0.0000000000000000	0.0000000000000000
189.9	0.0000000000000000	0.0000000000000000
190	0.0000000000000000	0.0000000000000000
190.1	0.0000000000000000	0.0000000000000000
190.2	0.0000000000000000	0.0000000000000000
190.3	0.0000000000000000	0.0000000000000000
190.4	0.0000000000000000	0.0000000000000000
190.5	0.0000000000000000	0.0000000000000000
190.6	0.0000000000000000	0.0000000000000000
190.7	0.0000000000000000	0.0000000000000000
190.8	0.0000000000000000	0.0000000000000000
190.9	0.0000000000000000	0.0000000000000000
191	0.0000000000000000	0.0000000000000000
191.1	0.0000000000000000	0.0000000000000000
191.2	0.0000000000000000	0.0000000000000000
191.3	0.0000000000000000	0.0000000000000000
191.4	0.0000000000000000	0.0000000000000000
191.5	0.0000000000000000	0.0000000000000000
191.6	0.0000000000000000	0.0000000000000000
191.7	0.0000000000000000	0.0000000000000000
191.8	0.0000000000000000	0.0000000000000000
191.9	0.0000000000000000	0.0000000000000000
192	0.0000000000000000	0.0000000000000000
192.1	0.0000000000000000	0.0000000000000000
192.2	0.0000000000000000	0.0000000000000000
192.3	0.0000000000000000	0.0000000000000000
192.4	0.0000000000000000	0.0000000000000000
192.5	0.0000000000000000	0.0000000000000000
192.6	0.0000000000000000	0.0000000000000000
192.7	0.0000000000000000	0.0000000000000000
192.8	0.0000000000000000	0.0000000000000000
192.9	0.0000000000000000	0.0000000000000000
193	0.0000000000000000	0.0000000000000000
193.1	0.0000000000000000	0.0000000000000000
193.2	0.0000000000000000	0.0000000000000000
193.3	0.0000000000000000	0.0000000000000000
193.4	0.0000000000000000	0.0000000000000000
193.5	0.0000000000000000	0.0000000000000000
193.6	0.0000000000000000	0.0000000000000000
193.7	0.0000000000000000	0.0000000000000000
193.8	0.0000000000000000	0.0000000000000000
193.9	0.0000000000000000	0.0000000000000000
194	0.0000000000000000	0.0000000000000000
194.1	0.0000000000000000	0.0000000000000000
194.2	0.0000000000000000	0.0000000000000000
194.3	0.0000000000000000	0.0000000000000000
194.4	0.0000000000000000	0.0000000000000000
194.5	0.0000000000000000	0.0000000000000000
194.6	0.0000000000000000	0.0000000000000000
194.7	0.0000000000000000	0.0000000000000000
194.8	0.0000000000000000	0.0000000000000000
194.9	0.0000000000000000	0.0000000000000000
195	0.0000000000000000	0.0000000000000000
195.1	0.0000000000000000	0.0000000000000000
195.2	0.0000000000000000	0.0000000000000000
195.3	0.0000000000000000	0.0000000000000000
195.4	0.0000000000000000	0.0000000000000000
195.5	0.0000000000000000	0.0000000000000000
195.6	0.0000000000000000	0.0000000000000000
195.7	0.0000000000000000	0.0000000000000000
195.8	0.0000000000000000	0.0000000000000000
195.9	0.0000000000000000	0.0000000000000000
196	0.0000000000000000	0.0000000000000000
196.1	0.0000000000000000	0.0000000000000000
196.2	0.0000000000000000	0.0000000000000000
196.3	0.0000000000000000	0.0000000000000000
196.4	0.0000000000000000	0.0000000000000000
196.5	0.0000000000000000	0.0000000000000000
196.6	0.0000000000000000	0.0000000000000000
196.7	0.0000000000000000	0.0000000000000000
196.8	0.0000000000000000	0.0000000000000000
196.9	0.0000000000000000	0.0000000000000000
197	0.0000000000000000	0.0000000000000000
197.1	0.0000000000000000	0.0000000000000000
197.2	0.0000000000000000	0.0000000000000000
197.3	0.0000000000000000	0.0000000000000000
197.4	0.0000000000000000	0.0000000000000000
197.5	0.0000000000000000	0.0000000000000000
197.6	0.0000000000000000	0.0000000000000000
197.7	0.0000000000000000	0.0000000000000000
197.8	0.0000000000000000	0.0000000000000000
197.9	0.0000000000000000	0.0000000000000000
198	0.0000000000000000	0.0000000000000000
198.1	0.0000000000000000	0.0000000000000000
198.2	0.0000000000000000	0.0000000000000000
198.3	0.0000000000000000	0.0000000000000000
198.4	0.0000000000000000	0.0000000000000000
198.5	0.0000000000000000	0.0000000000000000
198.6	0.0000000000000000	0.0000000000000000
198.7	0.0000000000000000	0.0000000000000000
198.8	0.0000000000000000	0.0000000000000000
198.9	0.0000000000000000	0.0000000000000000
199	0.0000000000000000	0.0000000000000000
199.1	0.0000000000000000	0.0000000000000000
199.2	0.0000000000000000	0.0000000000000000
199.3	0.0000000000000000	0.0000000000000000
199.4	0.0000000000000000	0.0000000000000000
199.5	0.0000000000000000	0.0000000000000000
199.6	0.0000000000000000	0.0000000000000000
199.7	0.0000000000000000	0.0000000000000000
199.8	0.0000000000000000	0.0000000000000000
199.9	0.0000000000000000	0.0000000000000000
200	0.0000000000000000	0.0000000000000000
