      11.300000
      11.261235
      11.234064
      11.214986
      11.200360
      11.189325
      11.181204
      11.174372
      11.168567
      11.163475
      11.158802
      11.154497
      11.151264
      11.148203
      11.145398
      11.142722
      11.139972
      11.137373
      11.135071
      11.133039
      11.131255
      11.129197
      11.127470
      11.126236
      11.124988
      11.123793
      11.122601
      11.121813
      11.121367
      11.120805
      11.120086
      11.120054
      11.120040
      11.120370
      11.120536
      11.120703
      11.121113
      11.121474
      11.122273
      11.123142
      11.124010
      11.125774
      11.127804
      11.129830
      11.131645
      11.133609
      11.135366
      11.136778
      11.138355
      11.140081
      11.141977
      11.143813
      11.145454
      11.147571
      11.149555
      11.151515
      11.153680
      11.155793
      11.158236
      11.160564
      11.163042
      11.165590
      11.167702
      11.169790
      11.172165
      11.174810
      11.177365
      11.179975
      11.182567
      11.185417
      11.188139
      11.190819
      11.193412
      11.196076
      11.198843
      11.201744
      11.204871
      11.207801
      11.210913
      11.213997
      11.217074
      11.220336
      11.223499
      11.226577
      11.229354
      11.232142
      11.234938
      11.238120
      11.241272
      11.244369
      11.247190
      11.250237
      11.253124
      11.256261
      11.259409
      11.262467
      11.265445
      11.268305
      11.271355
      11.274436
      11.277258
      11.280381
      11.282835
      11.285632
      11.288201
      11.290848
      11.293304
      11.295770
      11.298109
      11.300551
      11.303160
      11.305680
      11.308036
      11.310297
      11.312388
      11.314580
      11.316888
      11.318577
      11.320379
      11.322101
      11.323580
      11.324980
      11.326899
      11.328571
      11.329887
      11.331258
      11.332967
      11.334559
      11.336434
      11.338092
      11.339485
      11.340777
      11.342194
      11.344147
      11.345812
      11.347882
      11.349858
      11.352214
      11.354377
      11.356634
      11.359149
      11.361612
      11.364176
      11.366524
      11.368821
      11.371494
      11.373703
      11.376186
      11.378579
      11.380848
      11.382857
      11.385227
      11.387788
      11.390181
      11.392358
      11.394661
      11.396406
      11.398441
      11.400798
      11.403130
      11.405345
      11.407581
      11.409952
      11.411997
      11.414115
      11.416152
      11.418303
      11.420338
      11.422327
      11.423911
      11.425607
      11.427217
      11.428883
      11.430731
      11.432456
      11.434085
      11.435858
      11.437373
      11.438914
      11.440154
      11.441495
      11.442901
      11.444145
      11.445462
      11.446629
      11.447936
      11.449167
      11.450388
      11.451966
      11.453619
      11.455235
      11.456805
      11.458028
      11.459562
      11.461451
      11.463166
      11.464894
      11.466129
      11.467623
      11.469106
      11.470480
      11.471882
      11.473120
      11.474584
      11.476009
      11.477447
      11.478973
      11.480170
      11.481081
      11.482309
      11.483068
      11.484296
      11.485492
      11.486237
      11.486615
      11.487392
      11.487914
      11.488733
      11.489609
      11.490168
      11.491102
      11.492034
      11.492708
      11.493194
      11.493713
      11.494251
      11.495100
      11.495857
      11.496382
      11.496948
      11.497449
      11.498092
      11.498849
      11.499248
      11.499629
      11.499948
      11.500248
      11.500371
      11.500576
      11.500831
      11.501104
      11.501031
      11.501038
      11.501191
      11.501686
      11.502172
      11.502571
      11.503099
      11.503771
      11.504306
      11.504566
      11.504929
      11.505072
      11.505191
      11.505762
      11.505957
      11.505922
      11.506276
      11.506679
      11.506963
      11.507332
      11.507679
      11.508197
      11.508249
      11.508460
      11.508620
      11.508822
      11.509432
      11.509550
      11.509515
      11.509656
      11.509650
      11.509773
      11.509658
      11.509500
      11.509840
      11.509873
      11.509928
      11.509975
      11.509697
      11.510031
      11.509994
      11.509913
      11.509715
      11.509548
      11.509185
      11.509137
      11.508619
      11.508188
      11.507825
      11.507562
      11.507449
      11.507077
      11.506506
      11.506434
      11.506239
      11.505848
      11.505405
      11.505281
      11.505187
      11.504731
      11.504456
      11.504484
      11.504094
      11.503747
      11.503220
      11.502847
      11.502499
      11.502178
      11.501910
      11.501744
      11.501331
      11.501268
      11.501308
      11.501475
      11.501697
      11.501648
      11.501508
      11.501442
      11.501693
      11.501592
      11.501550
      11.501847
      11.501910
      11.502195
      11.502201
      11.502169
      11.502071
      11.501822
      11.501818
      11.501603
      11.502048
      11.502322
      11.502456
      11.502208
      11.502291
      11.502593
      11.502670
      11.502776
      11.503353
      11.503697
      11.503934
      11.504003
      11.504455
      11.504513
      11.504368
      11.504472
      11.504732
      11.504927
      11.505052
      11.505273
      11.505225
      11.504961
      11.504772
      11.504485
      11.504360
      11.504361
      11.504450
      11.504780
      11.505156
      11.505260
      11.505604
      11.505540
      11.505321
      11.504941
      11.504468
      11.504296
      11.504044
      11.504014
      11.503967
      11.503633
      11.503265
      11.502683
      11.502229
      11.501929
      11.501884
      11.501643
      11.501050
      11.500624
      11.500755
      11.500734
      11.500687
      11.500533
      11.500669
      11.500890
      11.500981
      11.501200
      11.501601
      11.501608
      11.501581
      11.501711
      11.501728
      11.501714
      11.502022
      11.502003
      11.502016
      11.501993
      11.502736
      11.502800
      11.503492
      11.503623
      11.503949
      11.504269
      11.504377
      11.504701
      11.504996
      11.505561
      11.505765
      11.505975
      11.506349
      11.506439
      11.506520
      11.506192
      11.506003
      11.506019
      11.505841
      11.505686
      11.505586
      11.505422
      11.505412
      11.505404
      11.505385
      11.505329
      11.505309
      11.505166
      11.505086
      11.505096
      11.504763
      11.504548
      11.504467
      11.504243
      11.504065
      11.504085
      11.503895
      11.503602
      11.503411
      11.503191
      11.503100
      11.503192
      11.502806
      11.502560
      11.502534
      11.502672
      11.502828
      11.502482
      11.502010
      11.501491
      11.501490
      11.500807
      11.500292
      11.500032
      11.499559
      11.498838
      11.498190
      11.497750
      11.497666
      11.497595
      11.497366
      11.497529
      11.497452
      11.497435
      11.497203
      11.497285
      11.497497
      11.497315
      11.497082
      11.496798
      11.496776
      11.497103
      11.497024
      11.496729
      11.496451
      11.495819
      11.495235
      11.494915
      11.494631
      11.494572
      11.494230
      11.494154
      11.493753
      11.493704
      11.493726
      11.493835
      11.494078
      11.493943
      11.494070
      11.493895
      11.493881
      11.493780
      11.493408
      11.493015
      11.492654
      11.492569
      11.492492
      11.492329
      11.492269
      11.492502
      11.492584
      11.492906
      11.493030
      11.493035
      11.492975
      11.492978
      11.492987
      11.493199
      11.493057
      11.492959
      11.492994
      11.493098
      11.492944
      11.493146
      11.492789
      11.492675
      11.492524
      11.492559
      11.492572
      11.492647
      11.492840
      11.492776
      11.492676
      11.492857
      11.492852
      11.492579
      11.492308
      11.491985
      11.491503
      11.491433
      11.491345
      11.490808
      11.490572
      11.490504
      11.490011
      11.489896
      11.489641
      11.489610
      11.489328
      11.489252
      11.489208
      11.489205
      11.489261
      11.489227
      11.489151
      11.489283
      11.489380
      11.489145
      11.488746
      11.488341
      11.488181
      11.488003
      11.488240
      11.488018
      11.487848
      11.487786
      11.487495
      11.487435
      11.487355
      11.487342
      11.487522
      11.487778
      11.487779
      11.487904
      11.488083
      11.488067
      11.487839
      11.487812
      11.487991
      11.488209
      11.488281
      11.488043
      11.487580
      11.487457
      11.487060
      11.486839
      11.486372
      11.486260
      11.486189
      11.486242
      11.486041
      11.485989
      11.485984
      11.485873
      11.486026
      11.485779
      11.485583
      11.485652
      11.485209
      11.485122
      11.484794
      11.484197
      11.483943
      11.483929
      11.483662
      11.483065
      11.482656
      11.482715
      11.482084
      11.481442
      11.481461
      11.481249
      11.481186
      11.481185
